0
0.298
0.3
0.302
0.304
0.306
0.308
0.31
0.312
0.314
0.316
0.318
0.32
0.322
0.324
0.326
0.328
0.33
0.332
0.334
0.336
0.338
0.34
0.342
0.344
0.346
0.348
0.35
0.352
0.354
0.356
0.358
0.36
0.362
0.364
0.366
0.368
0.37
0.372
0.374
0.376
0.378
0.38
0.382
0.384
0.386
0.388
0.39
0.392
0.394
0.396
0.398
0.4
0.402
0.404
0.406
0.408
0.41
0.412
0.414
0.416
0.418
0.42
0.422
0.424
0.426
0.428
0.43
0.432
0.434
0.436
0.438
0.44
0.442
0.444
0.446
0.448
0.45
0.452
0.454
0.456
0.458
0.46
0.462
0.464
0.466
0.468
0.47
0.472
0.474
0.476
0.478
0.48
0.482
0.484
0.486
0.488
0.49
0.492
0.494
0.496
0.498
0.5
0.502
0.504
0.506
0.508
0.51
0.512
0.514
0.516
0.518
0.52
0.522
0.524
0.526
0.528
0.53
0.532
0.534
0.536
0.538
0.54
0.542
0.544
0.546
0.548
0.55
0.552
0.554
0.556
0.558
0.56
0.562
0.564
0.566
0.568
0.57
0.572
0.574
0.576
0.578
0.58
0.582
0.584
0.586
0.588
0.59
0.592
0.594
0.596
0.598
0.6
0.602
0.604
0.606
0.608
0.61
0.612
0.614
0.616
0.618
0.62
0.622
0.624
0.626
0.628
0.63
0.632
0.634
0.636
0.638
0.64
0.642
0.644
0.646
0.648
0.65
0.652
0.654
0.656
0.658
0.66
0.662
0.664
0.666
0.668
0.67
0.672
0.674
0.676
0.678
0.68
0.682
0.684
0.686
0.688
0.69
0.692
0.694
0.696
0.698
0.7
0.702
0.704
0.706
0.708
0.71
0.712
0.714
0.716
0.718
0.72
0.722
0.724
0.726
0.728
0.73
0.732
0.734
0.736
0.738
0.74
0.742
0.744
0.746
0.748
0.75
0.752
0.754
0.756
0.758
0.76
0.762
0.764
0.766
0.768
0.77
0.772
0.774
0.776
0.778
0.78
0.782
0.784
0.786
0.788
0.79
0.792
0.794
0.796
0.798
0.8
0.802
0.804
0.806
0.808
0.81
0.812
0.814
0.816
0.818
0.82
0.822
0.824
0.826
0.828
0.83
0.832
0.834
0.836
0.838
0.84
0.842
0.844
0.846
0.848
0.85
0.852
0.854
0.856
0.858
0.86
0.862
0.864
0.866
0.868
0.87
0.872
0.874
0.876
0.878
0.88
0.882
0.884
0.886
0.888
0.89
0.892
0.894
0.896
0.898
0.9
0.902
0.904
0.906
0.908
0.91
0.912
0.914
0.916
0.918
0.92
0.922
0.924
0.926
0.928
0.93
0.932
0.934
0.936
0.938
0.94
0.942
0.944
0.946
0.948
0.95
0.952
0.954
0.956
0.958
0.96
0.962
0.964
0.966
0.968
0.97
0.972
0.974
0.976
0.978
0.98
0.982
0.984
0.986
0.988
0.99
0.992
0.994
0.996
0.998
1.0
1.002
1.004
1.006
1.008
1.01
1.012
1.014
1.016
1.018
1.02
1.022
1.024
1.026
1.028
1.03
1.032
1.034
1.036
1.038
1.04
1.042
1.044
1.046
1.048
1.05
1.052
1.054
1.056
1.058
1.06
1.062
1.064
1.066
1.068
1.07
1.072
1.074
1.076
1.078
1.08
1.082
1.084
1.086
1.088
1.09
1.092
1.094
1.096
1.098
1.1
1.102
1.104
1.106
1.108
1.11
1.112
1.114
1.116
1.118
1.12
1.122
1.124
1.126
1.128
1.13
1.132
1.134
1.136
1.138
1.14
1.142
1.144
1.146
1.148
1.15
1.152
1.154
1.156
1.158
1.16
1.162
1.164
1.166
1.168
1.17
1.172
1.174
1.176
1.178
1.18
1.182
1.184
1.186
1.188
1.19
1.192
1.194
1.196
1.198
1.2
1.202
1.204
1.206
1.208
1.21
1.212
1.214
1.216
1.218
1.22
1.222
1.224
1.226
1.228
1.23
1.232
1.234
1.236
1.238
1.24
1.242
1.244
1.246
1.248
1.25
1.252
1.254
1.256
1.258
1.26
1.262
1.264
1.266
1.268
1.27
1.272
1.274
1.276
1.278
1.28
1.282
1.284
1.286
1.288
1.29
1.292
1.294
1.296
1.298
1.3
1.302
1.304
1.306
1.308
1.31
1.312
1.314
1.316
1.318
1.32
1.322
1.324
1.326
1.328
1.33
1.332
1.334
1.336
1.338
1.34
1.342
1.344
1.346
1.348
1.35
1.352
1.354
1.356
1.358
1.36
1.362
1.364
1.366
1.368
1.37
1.372
1.374
1.376
1.378
1.38
1.382
1.384
1.386
1.388
1.39
1.392
1.394
1.396
1.398
1.4
1.402
1.404
1.406
1.408
1.41
1.412
1.414
1.416
1.418
1.42
1.422
1.424
1.426
1.428
1.43
1.432
1.434
1.436
1.438
1.44
1.442
1.444
1.446
1.448
1.45
1.452
1.454
1.456
1.458
1.46
1.462
1.464
1.466
1.468
1.47
1.472
1.474
1.476
1.478
1.48
1.482
1.484
1.486
1.488
1.49
1.492
1.494
1.496
1.498
1.5
1.502
1.504
1.506
1.508
1.51
1.512
1.514
1.516
1.518
1.52
1.522
1.524
1.526
1.528
1.53
1.532
1.534
1.536
1.538
1.54
1.542
1.544
1.546
1.548
1.55
1.552
1.554
1.556
1.558
1.56
1.562
1.564
1.566
1.568
1.57
1.572
1.574
1.576
1.578
1.58
1.582
1.584
1.586
1.588
1.59
1.592
1.594
1.596
1.598
1.6
1.602
1.604
1.606
1.608
1.61
1.612
1.614
1.616
1.618
1.62
1.622
1.624
1.626
1.628
1.63
1.632
1.634
1.636
1.638
1.64
1.642
1.644
1.646
1.648
1.65
1.652
1.654
1.656
1.658
1.66
1.662
1.664
1.666
1.668
1.67
1.672
1.674
1.676
1.678
1.68
1.682
1.684
1.686
1.688
1.69
1.692
1.694
1.696
1.698
1.7
1.702
1.704
1.706
1.708
1.71
1.712
1.714
1.716
1.718
1.72
1.722
1.724
1.726
1.728
1.73
1.732
1.734
1.736
1.738
1.74
1.742
1.744
1.746
1.748
1.75
1.752
1.754
1.756
1.758
1.76
1.762
1.764
1.766
1.768
1.77
1.772
1.774
1.776
1.778
1.78
1.782
1.784
1.786
1.788
1.79
1.792
1.794
1.796
1.798
1.8
1.802
1.804
1.806
1.808
1.81
1.812
1.814
1.816
1.818
1.82
1.822
1.824
1.826
1.828
1.83
1.832
1.834
1.836
1.838
1.84
1.842
1.844
1.846
1.848
1.85
1.852
1.854
1.856
1.858
1.86
1.862
1.864
1.866
1.868
1.87
1.872
1.874
1.876
1.878
1.88
1.882
1.884
1.886
1.888
1.89
1.892
1.894
1.896
1.898
1.9
1.902
1.904
1.906
1.908
1.91
1.912
1.914
1.916
1.918
1.92
1.922
1.924
1.926
1.928
1.93
1.932
1.934
1.936
1.938
1.94
1.942
1.944
1.946
1.948
1.95
1.952
1.954
1.956
1.958
1.96
1.962
1.964
1.966
1.968
1.97
1.972
1.974
1.976
1.978
1.98
1.982
1.984
1.986
1.988
1.99
1.992
1.994
1.996
1.998
2.0
2.002
2.004
2.006
2.008
2.01
2.012
2.014
2.016
2.018
2.02
2.022
2.024
2.026
2.028
2.03
2.032
2.034
2.036
2.038
2.04
2.042
2.044
2.046
2.048
2.05
2.052
2.054
2.056
2.058
2.06
2.062
2.064
2.066
2.068
2.07
2.072
2.074
2.076
2.078
2.08
2.082
2.084
2.086
2.088
2.09
2.092
2.094
2.096
2.098
2.1
2.102
2.104
2.106
2.108
2.11
2.112
2.114
2.116
2.118
2.12
2.122
2.124
2.126
2.128
2.13
2.132
2.134
2.136
2.138
2.14
2.142
2.144
2.146
2.148
2.15
2.152
2.154
2.156
2.158
2.16
2.162
2.164
2.166
2.168
2.17
2.172
2.174
2.176
2.178
2.18
2.182
2.184
2.186
2.188
2.19
2.192
2.194
2.196
2.198
2.2
2.202
2.204
2.206
2.208
2.21
2.212
2.214
2.216
2.218
2.22
2.222
2.224
2.226
2.228
2.23
2.232
2.234
2.236
2.238
2.24
2.242
2.244
2.246
2.248
2.25
2.252
2.254
2.256
2.258
2.26
2.262
2.264
2.266
2.268
2.27
2.272
2.274
2.276
2.278
2.28
2.282
2.284
2.286
2.288
2.29
2.292
2.294
2.296
2.298
2.3
2.302
2.304
2.306
2.308
2.31
2.312
2.314
2.316
2.318
2.32
2.322
2.324
2.326
2.328
2.33
2.332
2.334
2.336
2.338
2.34
2.342
2.344
2.346
2.348
2.35
2.352
2.354
2.356
2.358
2.36
2.362
2.364
2.366
2.368
2.37
2.372
2.374
2.376
2.378
2.38
2.382
2.384
2.386
2.388
2.39
2.392
2.394
2.396
2.398
2.4
2.402
2.404
2.406
2.408
2.41
2.412
2.414
2.416
2.418
2.42
2.422
2.424
2.426
2.428
2.43
2.432
2.434
2.436
2.438
2.44
2.442
2.444
2.446
2.448
2.45
2.452
2.454
2.456
2.458
2.46
2.462
2.464
2.466
2.468
2.47
2.472
2.474
2.476
2.478
2.48
2.482
2.484
2.486
2.488
2.49
2.492
2.494
2.496
2.498
2.5
2.502
2.504
2.506
2.508
2.51
2.512
2.514
2.516
2.518
2.52
2.522
2.524
2.526
2.528
2.53
2.532
2.534
2.536
2.538
2.54
2.542
2.544
2.546
2.548
2.55
2.552
2.554
2.556
2.558
2.56
2.562
2.564
2.566
2.568
2.57
2.572
2.574
2.576
2.578
2.58
2.582
2.584
2.586
2.588
2.59
2.592
2.594
2.596
2.598
2.6
2.602
2.604
2.606
2.608
2.61
2.612
2.614
2.616
2.618
2.62
2.622
2.624
2.626
2.628
2.63
2.632
2.634
2.636
2.638
2.64
2.642
2.644
2.646
2.648
2.65
2.652
2.654
2.656
2.658
2.66
2.662
2.664
2.666
2.668
2.67
2.672
2.674
2.676
2.678
2.68
2.682
2.684
2.686
2.688
2.69
2.692
2.694
2.696
2.698
2.7
2.702
2.704
2.706
2.708
2.71
2.712
2.714
2.716
2.718
2.72
2.722
2.725
2.727
2.729
2.731
2.733
2.735
2.737
2.739
2.741
2.743
2.745
2.747
2.749
2.751
2.753
2.755
2.757
2.759
2.761
2.763
2.765
2.767
2.769
2.771
2.773
2.775
2.777
2.779
2.781
2.783
2.785
2.787
2.789
2.791
2.793
2.795
2.797
2.799
2.801
2.803
2.805
2.807
2.809
2.811
2.813
2.815
2.817
2.819
2.821
2.823
2.825
2.827
2.829
2.831
2.833
2.835
2.837
2.839
2.841
2.843
2.845
2.847
2.849
2.851
2.853
2.855
2.857
2.859
2.861
2.863
2.865
2.867
2.869
2.871
2.873
2.875
2.877
2.879
2.881
2.883
2.885
2.887
2.889
2.891
2.893
2.895
2.897
2.899
2.901
2.903
2.905
2.907
2.909
2.911
2.913
2.915
2.917
2.919
2.921
2.923
2.925
2.927
2.929
2.931
2.933
2.935
2.937
2.939
2.941
2.943
2.945
2.947
2.949
2.951
2.953
2.955
2.957
2.959
2.961
2.963
2.965
2.967
2.969
2.971
2.973
2.975
2.977
2.979
2.981
2.983
2.985
2.987
2.989
2.991
2.993
2.995
2.997
2.999
3.001
3.003
3.005
3.007
3.009
3.011
3.013
3.015
3.017
3.019
3.021
3.023
3.025
3.027
3.029
3.031
3.033
3.035
3.037
3.039
3.041
3.043
3.045
3.047
3.049
3.051
3.053
3.055
3.057
3.059
3.061
3.063
3.065
3.067
3.069
3.071
3.073
3.075
3.077
3.079
3.081
3.083
3.085
3.087
3.089
3.091
3.093
3.095
3.097
3.099
3.101
3.103
3.105
3.107
3.109
3.111
3.113
3.115
3.117
3.119
3.121
3.123
3.125
3.127
3.129
3.131
3.133
3.135
3.137
3.139
3.141
3.143
3.145
3.147
3.149
3.151
3.153
3.155
3.157
3.159
3.161
3.163
3.165
3.167
3.169
3.171
3.173
3.175
3.177
3.179
3.181
3.183
3.185
3.187
3.189
3.191
3.193
3.195
3.197
3.199
3.201
3.203
3.205
3.207
3.209
3.211
3.213
3.215
3.217
3.219
3.221
3.223
3.225
3.227
3.229
3.231
3.233
3.235
3.237
3.239
3.241
3.243
3.245
3.247
3.249
3.251
3.253
3.255
3.257
3.259
3.261
3.263
3.265
3.267
3.269
3.271
3.273
3.275
3.277
3.279
3.281
3.283
3.285
3.287
3.289
3.291
3.293
3.295
3.297
3.299
3.301
3.303
3.305
3.307
3.309
3.311
3.313
3.315
3.317
3.319
3.321
3.323
3.325
3.327
3.329
3.331
3.333
3.335
3.337
3.339
3.341
3.343
3.345
3.347
3.349
3.351
3.353
3.355
3.357
3.359
3.361
3.363
3.365
3.367
3.369
3.371
3.373
3.375
3.377
3.379
3.381
3.383
3.385
3.387
3.389
3.391
3.393
3.395
3.397
3.399
3.401
3.403
3.405
3.407
3.409
3.411
3.413
3.415
3.417
3.419
3.421
3.423
3.425
3.427
3.429
3.431
3.433
3.435
3.437
3.439
3.441
3.443
3.445
3.447
3.449
3.451
3.453
3.455
3.457
3.459
3.461
3.463
3.465
3.467
3.469
3.471
3.473
3.475
3.477
3.479
3.481
3.483
3.485
3.487
3.489
3.491
3.493
3.495
3.497
3.499
3.501
3.503
3.505
3.507
3.509
3.511
3.513
3.515
3.517
3.519
3.521
3.523
3.525
3.527
3.529
3.531
3.533
3.535
3.537
3.539
3.541
3.543
3.545
3.547
3.549
3.551
3.553
3.555
3.557
3.559
3.561
3.563
3.565
3.567
3.569
3.571
3.573
3.575
3.577
3.579
3.581
3.583
3.585
3.587
3.589
3.591
3.593
3.595
3.597
3.599
3.601
3.603
3.605
3.607
3.609
3.611
3.613
3.615
3.617
3.619
3.621
3.623
3.625
3.627
3.629
3.631
3.633
3.635
3.637
3.639
3.641
3.643
3.645
3.647
3.649
3.651
3.653
3.655
3.657
3.659
3.661
3.663
3.665
3.667
3.669
3.671
3.673
3.675
3.677
3.679
3.681
3.683
3.685
3.687
3.689
3.691
3.693
3.695
3.697
3.699
3.701
3.703
3.705
3.707
3.709
3.711
3.713
3.715
3.717
3.719
3.721
3.723
3.725
3.727
3.729
3.731
3.733
3.735
3.737
3.739
3.741
3.743
3.745
3.747
3.749
3.751
3.753
3.755
3.757
3.759
3.761
3.763
3.765
3.767
3.769
3.771
3.773
3.775
3.777
3.779
3.781
3.783
3.785
3.787
3.789
3.791
3.793
3.795
3.797
3.799
3.801
3.803
3.805
3.807
3.809
3.811
3.813
3.815
3.817
3.819
3.821
3.823
3.825
3.827
3.829
3.831
3.833
3.835
3.837
3.839
3.841
3.843
3.845
3.847
3.849
3.851
3.853
3.855
3.857
3.859
3.861
3.863
3.865
3.867
3.869
3.871
3.873
3.875
3.877
3.879
3.881
3.883
3.885
3.887
3.889
3.891
3.893
3.895
3.897
3.899
3.901
3.903
3.905
3.907
3.909
3.911
3.913
3.915
3.917
3.919
3.921
3.923
3.925
3.927
3.929
3.931
3.933
3.935
3.937
3.939
3.941
3.943
3.945
3.947
3.949
3.951
3.953
3.955
3.957
3.959
3.961
3.963
3.965
3.967
3.969
3.971
3.973
3.975
3.977
3.979
3.981
3.983
3.985
3.987
3.989
3.991
3.993
3.995
3.997
3.999
4.001
4.003
4.005
4.007
4.009
4.011
4.013
4.015
4.017
4.019
4.021
4.023
4.025
4.027
4.029
4.031
4.033
4.035
4.037
4.039
4.041
4.043
4.045
4.047
4.049
4.051
4.053
4.055
4.057
4.059
4.061
4.063
4.065
4.067
4.069
4.071
4.073
4.075
4.077
4.079
4.081
4.083
4.085
4.087
4.089
4.091
4.093
4.095
4.097
4.099
4.101
4.103
4.105
4.107
4.109
4.111
4.113
4.115
4.117
4.119
4.121
4.123
4.125
4.127
4.129
4.131
4.133
4.135
4.137
4.139
4.141
4.143
4.145
4.147
4.149
4.151
4.153
4.155
4.157
4.159
4.161
4.163
4.165
4.167
4.169
4.171
4.173
4.175
4.177
4.179
4.181
4.183
4.185
4.187
4.189
4.191
4.193
4.195
4.197
4.199
4.201
4.203
4.205
4.207
4.209
4.211
4.213
4.215
4.217
4.219
4.221
4.223
4.225
4.227
4.229
4.231
4.233
4.235
4.237
4.239
4.241
4.243
4.245
4.247
4.249
4.251
4.253
4.255
4.257
4.259
4.261
4.263
4.265
4.267
4.269
4.271
4.273
4.275
4.277
4.279
4.281
4.283
4.285
4.287
4.289
4.291
4.293
4.295
4.297
4.299
4.301
4.303
4.305
4.307
4.309
4.311
4.313
4.315
4.317
4.319
4.321
4.323
4.325
4.327
4.329
4.331
4.333
4.335
4.337
4.339
4.341
4.343
4.345
4.347
4.349
4.351
4.353
4.355
4.357
4.359
4.361
4.363
4.365
4.367
4.369
4.371
4.373
4.375
4.377
4.379
4.381
4.383
4.385
4.387
4.389
4.391
4.393
4.395
4.397
4.399
4.401
4.403
4.405
4.407
4.409
4.411
4.413
4.415
4.417
4.419
4.421
4.423
4.425
4.427
4.429
4.431
4.433
4.435
4.437
4.439
4.441
4.443
4.445
4.447
4.449
4.451
4.453
4.455
4.457
4.459
4.461
4.463
4.465
4.467
4.469
4.471
4.473
4.475
4.477
4.479
4.481
4.483
4.485
4.487
4.489
4.491
4.493
4.495
4.497
4.499
4.501
4.503
4.505
4.507
4.509
4.511
4.513
4.515
4.517
4.519
4.521
4.523
4.525
4.527
4.529
4.531
4.533
4.535
4.537
4.539
4.541
4.543
4.545
4.547
4.549
4.551
4.553
4.555
4.557
4.559
4.561
4.563
4.565
4.567
4.569
4.571
4.573
4.575
4.577
4.579
4.581
4.583
4.585
4.587
4.589
4.591
4.593
4.595
4.597
4.599
4.601
4.603
4.605
4.607
4.609
4.611
4.613
4.615
4.617
4.619
4.621
4.623
4.625
4.627
4.629
4.631
4.633
4.635
4.637
4.639
4.641
4.643
4.645
4.647
4.649
4.651
4.653
4.655
4.657
4.659
4.661
4.663
4.665
4.667
4.669
4.671
4.673
4.675
4.677
4.679
4.681
4.683
4.685
4.687
4.689
4.691
4.693
4.695
4.697
4.699
4.701
4.703
4.705
4.707
4.709
4.711
4.713
4.715
4.717
4.719
4.721
4.723
4.725
4.727
4.729
4.731
4.733
4.735
4.737
4.739
4.741
4.743
4.745
4.747
4.749
4.751
4.753
4.755
4.757
4.759
4.761
4.763
4.765
4.767
4.769
4.771
4.773
4.775
4.777
4.779
4.781
4.783
4.785
4.787
4.789
4.791
4.793
4.795
4.797
4.799
4.801
4.803
4.805
4.807
4.809
4.811
4.813
4.815
4.817
4.819
4.821
4.823
4.825
4.827
4.829
4.831
4.833
4.835
4.837
4.839
4.841
4.843
4.845
4.847
4.849
4.851
4.853
4.855
4.857
4.859
4.861
4.863
4.865
4.867
4.869
4.871
4.873
4.875
4.877
4.879
4.881
4.883
4.885
4.887
4.889
4.891
4.893
4.895
4.897
4.899
4.901
4.903
4.905
4.907
4.909
4.911
4.913
4.915
4.917
4.919
4.921
4.923
4.925
4.927
4.929
4.931
4.933
4.935
4.937
4.939
4.941
4.943
4.945
4.947
4.949
4.951
4.953
4.955
4.957
4.959
4.961
4.963
4.965
4.967
4.969
4.971
4.973
4.975
4.977
4.979
4.981
4.983
4.985
4.987
4.989
4.991
4.993
4.995
4.997
4.999
5.001
5.003
5.005
5.007
5.009
5.011
5.013
5.015
5.017
5.019
5.021
5.023
5.025
5.027
5.029
5.031
5.033
5.035
5.037
5.039
5.041
5.043
5.045
5.047
5.049
5.051
5.053
5.055
5.057
5.059
5.061
5.063
5.065
5.067
5.069
5.071
5.073
5.075
5.077
5.079
5.081
5.083
5.085
5.087
5.089
5.091
5.093
5.095
5.097
5.099
5.101
5.103
5.105
5.107
5.109
5.111
5.113
5.115
5.117
5.119
5.121
5.123
5.125
5.127
5.129
5.131
5.133
5.135
5.137
5.139
5.141
5.143
5.145
5.147
5.149
5.151
5.153
5.155
5.157
5.159
5.161
5.163
5.165
5.167
5.169
5.171
5.173
5.175
5.177
5.179
5.181
5.183
5.185
5.187
5.189
5.191
5.193
5.195
5.197
5.199
5.201
5.203
5.205
5.207
5.209
5.211
5.213
5.215
5.217
5.219
5.221
5.223
5.225
5.227
5.229
5.231
5.233
5.235
5.237
5.239
5.241
5.243
5.245
5.247
5.249
5.251
5.253
5.255
5.257
5.259
5.261
5.263
5.265
5.267
5.269
5.271
5.273
5.275
5.277
5.279
5.281
5.283
5.285
5.287
5.289
5.291
5.293
5.295
5.297
5.299
5.301
5.303
5.305
5.307
5.309
5.311
5.313
5.315
5.317
5.319
5.321
5.323
5.325
5.327
5.329
5.331
5.333
5.335
5.337
5.339
5.341
5.343
5.345
5.347
5.349
5.351
5.353
5.355
5.357
5.359
5.361
5.363
5.365
5.367
5.369
5.371
5.373
5.375
5.377
5.379
5.381
5.383
5.385
5.387
5.389
5.391
5.393
5.395
5.397
5.399
5.401
5.403
5.405
5.407
5.409
5.411
5.413
5.415
5.417
5.419
5.421
5.423
5.425
5.427
5.429
5.431
5.433
5.435
5.437
5.439
5.441
5.443
5.445
5.447
5.449
5.451
5.453
5.455
5.457
5.459
5.461
5.463
5.465
5.467
5.469
5.471
5.473
5.475
5.477
5.479
5.481
5.483
5.485
5.487
5.489
5.491
5.493
5.495
5.497
5.499
5.501
5.503
5.505
5.507
5.509
5.511
5.513
5.515
5.517
5.519
5.521
5.523
5.525
5.527
5.529
5.531
5.533
5.535
5.537
5.539
5.541
5.543
5.545
5.547
5.549
5.551
5.553
5.555
5.557
5.559
5.561
5.563
5.565
5.567
5.569
5.571
5.573
5.575
5.577
5.579
5.581
5.583
5.585
5.587
5.589
5.591
5.593
5.595
5.597
5.599
5.601
5.603
5.605
5.607
5.609
5.611
5.613
5.615
5.617
5.619
5.621
5.623
5.625
5.627
5.629
5.631
5.633
5.635
5.637
5.639
5.641
5.643
5.645
5.647
5.649
5.651
5.653
5.655
5.657
5.659
5.661
5.663
5.665
5.667
5.669
5.671
5.673
5.675
5.677
5.679
5.681
5.683
5.685
5.687
5.689
5.691
5.693
5.695
5.697
5.699
5.701
5.703
5.705
5.707
5.709
5.711
5.713
5.715
5.717
5.719
5.721
5.723
5.725
5.727
5.729
5.731
5.733
5.735
5.737
5.739
5.741
5.743
5.745
5.747
5.749
5.751
5.753
5.755
5.757
5.759
5.761
5.763
5.765
5.767
5.769
5.771
5.773
5.775
5.777
5.779
5.781
5.783
5.785
5.787
5.789
5.791
5.793
5.795
5.797
5.799
5.801
5.803
5.805
5.807
5.809
5.811
5.813
5.815
5.817
5.819
5.821
5.823
5.825
5.827
5.829
5.831
5.833
5.835
5.837
5.839
5.841
5.843
5.845
5.847
5.849
5.851
5.853
5.855
5.857
5.859
5.861
5.863
5.865
5.867
5.869
5.871
5.873
5.875
5.877
5.879
5.881
5.883
5.885
5.887
5.889
5.891
5.893
5.895
5.897
5.899
5.901
5.903
5.905
5.907
5.909
5.911
5.913
5.915
5.917
5.919
5.921
5.923
5.925
5.927
5.929
5.931
5.933
5.935
5.937
5.939
5.941
5.943
5.945
5.947
5.949
5.951
5.953
5.955
5.957
5.959
5.961
5.963
5.965
5.967
5.969
5.971
5.973
5.975
5.977
5.979
5.981
5.983
5.985
5.987
5.989
5.991
5.993
5.995
5.997
5.999
6.001
6.003
6.005
6.007
6.009
6.011
6.013
6.015
6.017
6.019
6.021
6.023
6.025
6.027
6.029
6.031
6.033
6.035
6.037
6.039
6.041
6.043
6.045
6.047
6.049
6.051
6.053
6.055
6.057
6.059
6.061
6.063
6.065
6.067
6.069
6.071
6.073
6.075
6.077
6.079
6.081
6.083
6.085
6.087
6.089
6.091
6.093
6.095
6.097
6.099
6.101
6.103
6.105
6.107
6.109
6.111
6.113
6.115
6.117
6.119
6.121
6.123
6.125
6.127
6.129
6.131
6.133
6.135
6.137
6.139
6.141
6.143
6.145
6.147
6.149
6.151
6.153
6.155
6.157
6.159
6.161
6.163
6.165
6.167
6.169
6.171
6.173
6.175
6.177
6.179
6.181
6.183
6.185
6.187
6.189
6.191
6.193
6.195
6.197
6.199
6.201
6.203
6.205
6.207
6.209
6.211
6.213
6.215
6.217
6.219
6.221
6.223
6.225
6.227
6.229
6.231
6.233
6.235
6.237
6.239
6.241
6.243
6.245
6.247
6.249
6.251
6.253
6.255
6.257
6.259
6.261
6.263
6.265
6.267
6.269
6.271
6.273
6.275
6.277
6.279
6.281
6.283
6.285
6.287
6.289
6.291
6.293
6.295
6.297
6.299
6.301
6.303
6.305
6.307
6.309
6.311
6.313
6.315
6.317
6.319
6.321
6.323
6.325
6.327
6.329
6.331
6.333
6.335
6.337
6.339
6.341
6.343
6.345
6.347
6.349
6.351
6.353
6.355
6.357
6.359
6.361
6.363
6.365
6.367
6.369
6.371
6.373
6.375
6.377
6.379
6.381
6.383
6.385
6.387
6.389
6.391
6.393
6.395
6.397
6.399
6.401
6.403
6.405
6.407
6.409
6.411
6.413
6.415
6.417
6.419
6.421
6.423
6.425
6.427
6.429
6.431
6.433
6.435
6.437
6.439
6.441
6.443
6.445
6.447
6.449
6.451
6.453
6.455
6.457
6.459
6.461
6.463
6.465
6.467
6.469
6.471
6.473
6.475
6.477
6.479
6.481
6.483
6.485
6.487
6.489
6.491
6.493
6.495
6.497
6.499
6.501
6.503
6.505
6.507
6.509
6.511
6.513
6.515
6.517
6.519
6.521
6.523
6.525
6.527
6.529
6.531
6.533
6.535
6.537
6.539
6.541
6.543
6.545
6.547
6.549
6.551
6.553
6.555
6.557
6.559
6.561
6.563
6.565
6.567
6.569
6.571
6.573
6.575
6.577
6.579
6.581
6.583
6.585
6.587
6.589
6.591
6.593
6.595
6.597
6.599
6.601
6.603
6.605
6.607
6.609
6.611
6.613
6.615
6.617
6.619
6.621
6.623
6.625
6.627
6.629
6.631
6.633
6.635
6.637
6.639
6.641
6.643
6.645
6.647
6.649
6.651
6.653
6.655
6.657
6.659
6.661
6.663
6.665
6.667
6.669
6.671
6.673
6.675
6.677
6.679
6.681
6.683
6.685
6.687
6.689
6.691
6.693
6.695
6.697
6.699
6.701
6.703
6.705
6.707
6.709
6.711
6.713
6.715
6.717
6.719
6.721
6.723
6.725
6.727
6.729
6.731
6.733
6.735
6.737
6.739
6.741
6.743
6.745
6.747
6.749
6.751
6.753
6.755
6.757
6.759
6.761
6.763
6.765
6.767
6.769
6.771
6.773
6.775
6.777
6.779
6.781
6.783
6.785
6.787
6.789
6.791
6.793
6.795
6.797
6.799
6.801
6.803
6.805
6.807
6.809
6.811
6.813
6.815
6.817
6.819
6.821
6.823
6.825
6.827
6.829
6.831
6.833
6.835
6.837
6.839
6.841
6.843
6.845
6.847
6.849
6.851
6.853
6.855
6.857
6.859
6.861
6.863
6.865
6.867
6.869
6.871
6.873
6.875
6.877
6.879
6.881
6.883
6.885
6.887
6.889
6.891
6.893
6.895
6.897
6.899
6.901
6.903
6.905
6.907
6.909
6.911
6.913
6.915
6.917
6.919
6.921
6.923
6.925
6.927
6.929
6.931
6.933
6.935
6.937
6.939
6.941
6.943
6.945
6.947
6.949
6.951
6.953
6.955
6.957
6.959
6.961
6.963
6.965
6.967
6.969
6.971
6.973
6.975
6.977
6.979
6.981
6.983
6.985
6.987
6.989
6.991
6.993
6.995
6.997
6.999
7.001
7.003
7.005
7.007
7.009
7.011
7.013
7.015
7.017
7.019
7.021
7.023
7.025
7.027
7.029
7.031
7.033
7.035
7.037
7.039
7.041
7.043
7.045
7.047
7.049
7.051
7.053
7.055
7.057
7.059
7.061
7.063
7.065
7.067
7.069
7.071
7.073
7.075
7.077
7.079
7.081
7.083
7.085
7.087
7.089
7.091
7.093
7.095
7.097
7.099
7.101
7.103
7.105
7.107
7.109
7.111
7.113
7.115
7.117
7.119
7.121
7.123
7.125
7.127
7.129
7.131
7.133
7.135
7.137
7.139
7.141
7.143
7.145
7.147
7.149
7.151
7.153
7.155
7.157
7.159
7.161
7.163
7.165
7.167
7.169
7.171
7.173
7.175
7.177
7.179
7.181
7.183
7.185
7.187
7.189
7.191
7.193
7.195
7.197
7.199
7.201
7.203
7.205
7.207
7.209
7.211
7.213
7.215
7.217
7.219
7.221
7.223
7.225
7.227
7.229
7.231
7.233
7.235
7.237
7.239
7.241
7.243
7.245
7.247
7.249
7.251
7.253
7.255
7.257
7.259
7.261
7.263
7.265
7.267
7.269
7.271
7.273
7.275
7.277
7.279
7.281
7.283
7.285
7.287
7.289
7.291
7.293
7.295
7.297
7.299
7.301
7.303
7.305
7.307
7.309
7.311
7.313
7.315
7.317
7.319
7.321
7.323
7.325
7.327
7.329
7.331
7.333
7.335
7.337
7.339
7.341
7.343
7.345
7.347
7.349
7.351
7.353
7.355
7.357
7.359
7.361
7.363
7.365
7.367
7.369
7.371
7.373
7.375
7.377
7.379
7.381
7.383
7.385
7.387
7.389
7.391
7.393
7.395
7.397
7.399
7.401
7.403
7.405
7.407
7.409
7.411
7.413
7.415
7.417
7.419
7.421
7.423
7.425
7.427
7.429
7.431
7.433
7.435
7.437
7.439
7.441
7.443
7.445
7.447
7.449
7.451
7.453
7.455
7.457
7.459
7.461
7.463
7.465
7.467
7.469
7.471
7.473
7.475
7.477
7.479
7.481
7.483
7.485
7.487
7.489
7.491
7.493
7.495
7.497
7.499
7.501
7.503
7.505
7.507
7.509
7.511
7.513
7.515
7.517
7.519
7.521
7.523
7.525
7.527
7.529
7.531
7.533
7.535
7.537
7.539
7.541
7.543
7.545
7.547
7.549
7.551
7.553
7.555
7.557
7.559
7.561
7.563
7.565
7.567
7.569
7.571
7.573
7.575
7.578
7.58
7.582
7.584
7.586
7.588
7.59
7.592
7.594
7.596
7.598
7.6
7.602
7.604
7.606
7.608
7.61
7.612
7.614
7.616
7.618
7.62
7.622
7.624
7.626
7.628
7.63
7.632
7.634
7.636
7.638
7.64
7.642
7.644
7.646
7.648
7.65
7.652
7.654
7.656
7.658
7.66
7.662
7.664
7.666
7.668
7.67
7.672
7.674
7.676
7.678
7.68
7.682
7.684
7.686
7.688
7.69
7.692
7.694
7.696
7.698
7.7
7.702
7.704
7.706
7.708
7.71
7.712
7.714
7.716
7.718
7.72
7.722
7.724
7.726
7.728
7.73
7.732
7.734
7.736
7.738
7.74
7.742
7.744
7.746
7.748
7.75
7.752
7.754
7.756
7.758
7.76
7.762
7.764
7.766
7.768
7.77
7.772
7.774
7.776
7.778
7.78
7.782
7.784
7.786
7.788
7.79
7.792
7.794
7.796
7.798
7.8
7.802
7.804
7.806
7.808
7.81
7.812
7.814
7.816
7.818
7.82
7.822
7.824
7.826
7.828
7.83
7.832
7.834
7.836
7.838
7.84
7.842
7.844
7.846
7.848
7.85
7.852
7.854
7.856
7.858
7.86
7.862
7.864
7.866
7.868
7.87
7.872
7.874
7.876
7.878
7.88
7.882
7.884
7.886
7.888
7.89
7.892
7.894
7.896
7.898
7.9
7.902
7.904
7.906
7.908
7.91
7.912
7.914
7.916
7.918
7.92
7.922
7.924
7.926
7.928
7.93
7.932
7.934
7.936
7.938
7.94
7.942
7.944
7.946
7.948
7.95
7.952
7.954
7.956
7.958
7.96
7.962
7.964
7.966
7.968
7.97
7.972
7.974
7.976
7.978
7.98
7.982
7.984
7.986
7.988
7.99
7.992
7.994
7.996
7.998
8.0
8.002
8.004
8.006
8.008
8.01
8.012
8.014
8.016
8.018
8.02
8.022
8.024
8.026
8.028
8.03
8.032
8.034
8.036
8.038
8.04
8.042
8.044
8.046
8.048
8.05
8.052
8.054
8.056
8.058
8.06
8.062
8.064
8.066
8.068
8.07
8.072
8.074
8.076
8.078
8.08
8.082
8.084
8.086
8.088
8.09
8.092
8.094
8.096
8.098
8.1
8.102
8.104
8.106
8.108
8.11
8.112
8.114
8.116
8.118
8.12
8.122
8.124
8.126
8.128
8.13
8.132
8.134
8.136
8.138
8.14
8.142
8.144
8.146
8.148
8.15
8.152
8.154
8.156
8.158
8.16
8.162
8.164
8.166
8.168
8.17
8.172
8.174
8.176
8.178
8.18
8.182
8.184
8.186
8.188
8.19
8.192
8.194
8.196
8.198
8.2
8.202
8.204
8.206
8.208
8.21
8.212
8.214
8.216
8.218
8.22
8.222
8.224
8.226
8.228
8.23
8.232
8.234
8.236
8.238
8.24
8.242
8.244
8.246
8.248
8.25
8.252
8.254
8.256
8.258
8.26
8.262
8.264
8.266
8.268
8.27
8.272
8.274
8.276
8.278
8.28
8.282
8.284
8.286
8.288
8.29
8.292
8.294
8.296
8.298
8.3
8.302
8.304
8.306
8.308
8.31
8.312
8.314
8.316
8.318
8.32
8.322
8.324
8.326
8.328
8.33
8.332
8.334
8.336
8.338
8.34
8.342
8.344
8.346
8.348
8.35
8.352
8.354
8.356
8.358
8.36
8.362
8.364
8.366
8.368
8.37
8.372
8.374
8.376
8.378
8.38
8.382
8.384
8.386
8.388
8.39
8.392
8.394
8.396
8.398
8.4
8.402
8.404
8.406
8.408
8.41
8.412
8.414
8.416
8.418
8.42
8.422
8.424
8.426
8.428
8.43
8.432
8.434
8.436
8.438
8.44
8.442
8.444
8.446
8.448
8.45
8.452
8.454
8.456
8.458
8.46
8.462
8.464
8.466
8.468
8.47
8.472
8.474
8.476
8.478
8.48
8.482
8.484
8.486
8.488
8.49
8.492
8.494
8.496
8.498
8.5
8.502
8.504
8.506
8.508
8.51
8.512
8.514
8.516
8.518
8.52
8.522
8.524
8.526
8.528
8.53
8.532
8.534
8.536
8.538
8.54
8.542
8.544
8.546
8.548
8.55
8.552
8.554
8.556
8.558
8.56
8.562
8.564
8.566
8.568
8.57
8.572
8.574
8.576
8.578
8.58
8.582
8.584
8.586
8.588
8.59
8.592
8.594
8.596
8.598
8.6
8.602
8.604
8.606
8.608
8.61
8.612
8.614
8.616
8.618
8.62
8.622
8.624
8.626
8.628
8.63
8.632
8.634
8.636
8.638
8.64
8.642
8.644
8.646
8.648
8.65
8.652
8.654
8.656
8.658
8.66
8.662
8.664
8.666
8.668
8.67
8.672
8.674
8.676
8.678
8.68
8.682
8.684
8.686
8.688
8.69
8.692
8.694
8.696
8.698
8.7
8.702
8.704
8.706
8.708
8.71
8.712
8.714
8.716
8.718
8.72
8.722
8.724
8.726
8.728
8.73
8.732
8.734
8.736
8.738
8.74
8.742
8.744
8.746
8.748
8.75
8.752
8.754
8.756
8.758
8.76
8.762
8.764
8.766
8.768
8.77
8.772
8.774
8.776
8.778
8.78
8.782
8.784
8.786
8.788
8.79
8.792
8.794
8.796
8.798
8.8
8.802
8.804
8.806
8.808
8.81
8.812
8.814
8.816
8.818
8.82
8.822
8.824
8.826
8.828
8.83
8.832
8.834
8.836
8.838
8.84
8.842
8.844
8.846
8.848
8.85
8.852
8.854
8.856
8.858
8.86
8.862
8.864
8.866
8.868
8.87
8.872
8.874
8.876
8.878
8.88
8.882
8.884
8.886
8.888
8.89
8.892
8.894
8.896
8.898
8.9
8.902
8.904
8.906
8.908
8.91
8.912
8.914
8.916
8.918
8.92
8.922
8.924
8.926
8.928
8.93
8.932
8.934
8.936
8.938
8.94
8.942
8.944
8.946
8.948
8.95
8.952
8.954
8.956
8.958
8.96
8.962
8.964
8.966
8.968
8.97
8.972
8.974
8.976
8.978
8.98
8.982
8.984
8.986
8.988
8.99
8.992
8.994
8.996
8.998
9.0
9.002
9.004
9.006
9.008
9.01
9.012
9.014
9.016
9.018
9.02
9.022
9.024
9.026
9.028
9.03
9.032
9.034
9.036
9.038
9.04
9.042
9.044
9.046
9.048
9.05
9.052
9.054
9.056
9.058
9.06
9.062
9.064
9.066
9.068
9.07
9.072
9.074
9.076
9.078
9.08
9.082
9.084
9.086
9.088
9.09
9.092
9.094
9.096
9.098
9.1
9.102
9.104
9.106
9.108
9.11
9.112
9.114
9.116
9.118
9.12
9.122
9.124
9.126
9.128
9.13
9.132
9.134
9.136
9.138
9.14
9.142
9.144
9.146
9.148
9.15
9.152
9.154
9.156
9.158
9.16
9.162
9.164
9.166
9.168
9.17
9.172
9.174
9.176
9.178
9.18
9.182
9.184
9.186
9.188
9.19
9.192
9.194
9.196
9.198
9.2
9.202
9.204
9.206
9.208
9.21
9.212
9.214
9.216
9.218
9.22
9.222
9.224
9.226
9.228
9.23
9.232
9.234
9.236
9.238
9.24
9.242
9.244
9.246
9.248
9.25
9.252
9.254
9.256
9.258
9.26
9.262
9.264
9.266
9.268
9.27
9.272
9.274
9.276
9.278
9.28
9.282
9.284
9.286
9.288
9.29
9.292
9.294
9.296
9.298
9.3
9.302
9.304
9.306
9.308
9.31
9.312
9.314
9.316
9.318
9.32
9.322
9.324
9.326
9.328
9.33
9.332
9.334
9.336
9.338
9.34
9.342
9.344
9.346
9.348
9.35
9.352
9.354
9.356
9.358
9.36
9.362
9.364
9.366
9.368
9.37
9.372
9.374
9.376
9.378
9.38
9.382
9.384
9.386
9.388
9.39
9.392
9.394
9.396
9.398
9.4
9.402
9.404
9.406
9.408
9.41
9.412
9.414
9.416
9.418
9.42
9.422
9.424
9.426
9.428
9.43
9.432
9.434
9.436
9.438
9.44
9.442
9.444
9.446
9.448
9.45
9.452
9.454
9.456
9.458
9.46
9.462
9.464
9.466
9.468
9.47
9.472
9.474
9.476
9.478
9.48
9.482
9.484
9.486
9.488
9.49
9.492
9.494
9.496
9.498
9.5
9.502
9.504
9.506
9.508
9.51
9.512
9.514
9.516
9.518
9.52
9.522
9.524
9.526
9.528
9.53
9.532
9.534
9.536
9.538
9.54
9.542
9.544
9.546
9.548
9.55
9.552
9.554
9.556
9.558
9.56
9.562
9.564
9.566
9.568
9.57
9.572
9.574
9.576
9.578
9.58
9.582
9.584
9.586
9.588
9.59
9.592
9.594
9.596
9.598
9.6
9.602
9.604
9.606
9.608
9.61
9.612
9.614
9.616
9.618
9.62
9.622
9.624
9.626
9.628
9.63
9.632
9.634
9.636
9.638
9.64
9.642
9.644
9.646
9.648
9.65
9.652
9.654
9.656
9.658
9.66
9.662
9.664
9.666
9.668
9.67
9.672
9.674
9.676
9.678
9.68
9.682
9.684
9.686
9.688
9.69
9.692
9.694
9.696
9.698
9.7
9.702
9.704
9.706
9.708
9.71
9.712
9.714
9.716
9.718
9.72
9.722
9.724
9.726
9.728
9.73
9.732
9.734
9.736
9.738
9.74
9.742
9.744
9.746
9.748
9.75
9.752
9.754
9.756
9.758
9.76
9.762
9.764
9.766
9.768
9.77
9.772
9.774
9.776
9.778
9.78
9.782
9.784
9.786
9.788
9.79
9.792
9.794
9.796
9.798
9.8
9.802
9.804
9.806
9.808
9.81
9.812
9.814
9.816
9.818
9.82
9.822
9.824
9.826
9.828
9.83
9.832
9.834
9.836
9.838
9.84
9.842
9.844
9.846
9.848
9.85
9.852
9.854
9.856
9.858
9.86
9.862
9.864
9.866
9.868
9.87
9.872
9.874
9.876
9.878
9.88
9.882
9.884
9.886
9.888
9.89
9.892
9.894
9.896
9.898
9.9
9.902
9.904
9.906
9.908
9.91
9.912
9.914
9.916
9.918
9.92
9.922
9.924
9.926
9.928
9.93
9.932
9.934
9.936
9.938
9.94
9.942
9.944
9.946
9.948
9.95
9.952
9.954
9.956
9.958
9.96
9.962
9.964
9.966
9.968
9.97
9.972
9.974
9.976
9.978
9.98
9.982
9.984
9.986
9.988
9.99
9.992
9.994
9.996
9.998
10.0
10.002
