0.1
0.10069
0.10139
0.1021
0.1028
0.10352
0.10424
0.10496
0.10569
0.10642
0.10716
0.1079
0.10865
0.10941
0.11016
0.11093
0.1117
0.11247
0.11325
0.11404
0.11483
0.11563
0.11643
0.11724
0.11805
0.11887
0.1197
0.12053
0.12136
0.1222
0.12305
0.12391
0.12477
0.12563
0.1265
0.12738
0.12826
0.12915
0.13005
0.13095
0.13186
0.13278
0.1337
0.13463
0.13556
0.1365
0.13745
0.1384
0.13936
0.14033
0.1413
0.14228
0.14327
0.14426
0.14527
0.14627
0.14729
0.14831
0.14934
0.15038
0.15142
0.15247
0.15353
0.15459
0.15567
0.15675
0.15783
0.15893
0.16003
0.16114
0.16226
0.16339
0.16452
0.16566
0.16681
0.16797
0.16913
0.17031
0.17149
0.17268
0.17388
0.17508
0.1763
0.17752
0.17875
0.17999
0.18124
0.1825
0.18377
0.18504
0.18632
0.18762
0.18892
0.19023
0.19155
0.19288
0.19422
0.19557
0.19692
0.19829
0.19966
0.20105
0.20244
0.20385
0.20526
0.20669
0.20812
0.20957
0.21102
0.21248
0.21396
0.21544
0.21694
0.21844
0.21996
0.22149
0.22302
0.22457
0.22613
0.2277
0.22928
0.23087
0.23247
0.23408
0.23571
0.23734
0.23899
0.24065
0.24232
0.244
0.24569
0.2474
0.24911
0.25084
0.25258
0.25433
0.2561
0.25788
0.25967
0.26147
0.26328
0.26511
0.26695
0.2688
0.27067
0.27254
0.27443
0.27634
0.27826
0.28019
0.28213
0.28409
0.28606
0.28804
0.29004
0.29206
0.29408
0.29612
0.29818
0.30025
0.30233
0.30443
0.30654
0.30867
0.31081
0.31296
0.31514
0.31732
0.31952
0.32174
0.32397
0.32622
0.32849
0.33076
0.33306
0.33537
0.3377
0.34004
0.3424
0.34478
0.34717
0.34958
0.352
0.35445
0.3569
0.35938
0.36187
0.36439
0.36691
0.36946
0.37202
0.37461
0.3772
0.37982
0.38246
0.38511
0.38778
0.39047
0.39318
0.39591
0.39866
0.40142
0.40421
0.40701
0.40984
0.41268
0.41555
0.41843
0.42133
0.42426
0.4272
0.43016
0.43315
0.43615
0.43918
0.44223
0.4453
0.44839
0.4515
0.45463
0.45778
0.46096
0.46416
0.46738
0.47062
0.47389
0.47718
0.48049
0.48382
0.48718
0.49056
0.49396
0.49739
0.50084
0.50432
0.50782
0.51134
0.51489
0.51846
0.52206
0.52568
0.52933
0.533
0.5367
0.54042
0.54417
0.54795
0.55175
0.55558
0.55943
0.56331
0.56722
0.57116
0.57512
0.57911
0.58313
0.58718
0.59125
0.59535
0.59948
0.60364
0.60783
0.61205
0.6163
0.62057
0.62488
0.62921
0.63358
0.63798
0.6424
0.64686
0.65135
0.65587
0.66042
0.665
0.66962
0.67426
0.67894
0.68365
0.6884
0.69317
0.69798
0.70282
0.7077
0.71261
0.71756
0.72253
0.72755
0.7326
0.73768
0.7428
0.74795
0.75314
0.75837
0.76363
0.76893
0.77426
0.77964
0.78505
0.79049
0.79598
0.8015
0.80706
0.81266
0.8183
0.82398
0.8297
0.83545
0.84125
0.84709
0.85296
0.85888
0.86484
0.87084
0.87689
0.88297
0.8891
0.89527
0.90148
0.90773
0.91403
0.92037
0.92676
0.93319
0.93966
0.94618
0.95275
0.95936
0.96602
0.97272
0.97947
0.98627
0.99311
1.0
1.00694
1.01393
1.02096
1.02804
1.03518
1.04236
1.04959
1.05688
1.06421
1.07159
1.07903
1.08652
1.09405
1.10165
1.10929
1.11699
1.12474
1.13254
1.1404
1.14831
1.15628
1.1643
1.17238
1.18052
1.18871
1.19696
1.20526
1.21362
1.22204
1.23052
1.23906
1.24766
1.25632
1.26503
1.27381
1.28265
1.29155
1.30051
1.30954
1.31862
1.32777
1.33698
1.34626
1.3556
1.36501
1.37448
1.38402
1.39362
1.40329
1.41303
1.42283
1.4327
1.44264
1.45265
1.46273
1.47288
1.4831
1.49339
1.50376
1.51419
1.5247
1.53528
1.54593
1.55665
1.56746
1.57833
1.58928
1.60031
1.61141
1.6226
1.63385
1.64519
1.65661
1.6681
1.67967
1.69133
1.70307
1.71488
1.72678
1.73876
1.75083
1.76298
1.77521
1.78753
1.79993
1.81242
1.82499
1.83766
1.85041
1.86325
1.87617
1.88919
1.9023
1.9155
1.92879
1.94217
1.95565
1.96922
1.98288
1.99664
2.0105
2.02445
2.03849
2.05264
2.06688
2.08122
2.09566
2.1102
2.12485
2.13959
2.15443
2.16938
2.18444
2.19959
2.21486
2.23022
2.2457
2.26128
2.27697
2.29277
2.30868
2.3247
2.34083
2.35707
2.37342
2.38989
2.40648
2.42317
2.43999
2.45692
2.47396
2.49113
2.50842
2.52582
2.54335
2.56099
2.57876
2.59666
2.61467
2.63282
2.65108
2.66948
2.688
2.70665
2.72543
2.74434
2.76339
2.78256
2.80187
2.82131
2.84088
2.8606
2.88044
2.90043
2.92056
2.94082
2.96123
2.98177
3.00246
3.02329
3.04427
3.0654
3.08666
3.10808
3.12965
3.15136
3.17323
3.19525
3.21742
3.23974
3.26222
3.28486
3.30765
3.3306
3.35371
3.37698
3.40041
3.42401
3.44776
3.47169
3.49578
3.52003
3.54446
3.56905
3.59381
3.61875
3.64386
3.66914
3.6946
3.72024
3.74605
3.77204
3.79822
3.82457
3.85111
3.87783
3.90474
3.93183
3.95911
3.98658
4.01424
4.0421
4.07014
4.09838
4.12682
4.15546
4.18429
4.21332
4.24256
4.27199
4.30164
4.33148
4.36154
4.3918
4.42227
4.45296
4.48386
4.51497
4.5463
4.57784
4.6096
4.64159
4.6738
4.70622
4.73888
4.77176
4.80487
4.83821
4.87178
4.90558
4.93962
4.9739
5.00841
5.04316
5.07815
5.11339
5.14887
5.18459
5.22057
5.25679
5.29327
5.32999
5.36698
5.40422
5.44171
5.47947
5.51749
5.55578
5.59433
5.63314
5.67223
5.71159
5.75122
5.79112
5.83131
5.87177
5.91251
5.95353
5.99484
6.03644
6.07832
6.1205
6.16297
6.20573
6.24879
6.29215
6.3358
6.37977
6.42403
6.46861
6.51349
6.55869
6.60419
6.65002
6.69616
6.74262
6.78941
6.83652
6.88395
6.93172
6.97981
7.02824
7.07701
7.12612
7.17556
7.22535
7.27548
7.32597
7.3768
7.42798
7.47952
7.53142
7.58368
7.6363
7.68928
7.74264
7.79636
7.85046
7.90493
7.95978
8.01501
8.07062
8.12662
8.18301
8.23979
8.29696
8.35453
8.4125
8.47087
8.52964
8.58883
8.64842
8.70843
8.76886
8.8297
8.89097
8.95266
9.01478
9.07733
9.14031
9.20373
9.26759
9.3319
9.39665
9.46185
9.5275
9.59361
9.66017
9.7272
9.7947
9.86266
9.93109
10.0
10.06939
10.13925
10.20961
10.28045
10.35178
10.42361
10.49593
10.56876
10.64209
10.71593
10.79029
10.86516
10.94055
11.01646
11.0929
11.16987
11.24737
11.32541
11.404
11.48312
11.5628
11.64303
11.72382
11.80517
11.88708
11.96956
12.05261
12.13624
12.22045
12.30524
12.39062
12.4766
12.56317
12.65034
12.73811
12.8265
12.9155
13.00511
13.09535
13.18621
13.27771
13.36984
13.46261
13.55602
13.65008
13.74479
13.84016
13.93619
14.03289
14.13026
14.2283
14.32703
14.42644
14.52654
14.62733
14.72883
14.83103
14.93393
15.03755
15.14189
15.24696
15.35275
15.45928
15.56654
15.67455
15.78331
15.89283
16.0031
16.11414
16.22595
16.33854
16.45191
16.56606
16.68101
16.79675
16.9133
17.03065
17.14882
17.26781
17.38762
17.50827
17.62975
17.75208
17.87526
17.99929
18.12418
18.24993
18.37656
18.50407
18.63246
18.76175
18.89193
19.02301
19.15501
19.28792
19.42175
19.55651
19.6922
19.82884
19.96642
20.10496
20.24447
20.38493
20.52638
20.6688
20.81222
20.95662
21.10203
21.24845
21.39589
21.54435
21.69384
21.84436
21.99593
22.14855
22.30223
22.45698
22.6128
22.7697
22.92769
23.08678
23.24697
23.40827
23.57069
23.73424
23.89893
24.06475
24.23173
24.39986
24.56916
24.73964
24.9113
25.08415
25.2582
25.43346
25.60993
25.78763
25.96656
26.14673
26.32815
26.51084
26.69478
26.88001
27.06652
27.25433
27.44343
27.63385
27.82559
28.01867
28.21308
28.40884
28.60596
28.80444
29.0043
29.20556
29.4082
29.61225
29.81772
30.02462
30.23295
30.44272
30.65395
30.86665
31.08082
31.29648
31.51363
31.7323
31.95248
32.17418
32.39743
32.62222
32.84857
33.0765
33.306
33.5371
33.7698
34.00412
34.24006
34.47764
34.71687
34.95776
35.20031
35.44456
35.69049
35.93814
36.1875
36.43859
36.69142
36.94601
37.20237
37.4605
37.72042
37.98215
38.2457
38.51107
38.77828
39.04735
39.31829
39.5911
39.86581
40.14242
40.42096
40.70142
40.98384
41.26821
41.55455
41.84289
42.13322
42.42556
42.71994
43.01636
43.31483
43.61538
43.91801
44.22274
44.52959
44.83856
45.14968
45.46295
45.77841
46.09604
46.41589
46.73795
47.06225
47.3888
47.71761
48.0487
48.3821
48.7178
49.05584
49.39622
49.73896
50.08408
50.43159
50.78152
51.13388
51.48867
51.84594
52.20568
52.56791
52.93266
53.29994
53.66977
54.04216
54.41714
54.79472
55.17492
55.55776
55.94326
56.33143
56.72229
57.11586
57.51217
57.91123
58.31305
58.71766
59.12508
59.53533
59.94843
60.36439
60.78323
61.20498
61.62966
62.05729
62.48788
62.92146
63.35805
63.79767
64.24034
64.68608
65.13491
65.58686
66.04194
66.50018
66.9616
67.42622
67.89407
68.36516
68.83952
69.31717
69.79814
70.28244
70.77011
71.26115
71.75561
72.25349
72.75484
73.25965
73.76798
74.27982
74.79523
75.3142
75.83678
76.36298
76.89284
77.42637
77.9636
78.50456
79.04928
79.59777
80.15007
80.7062
81.26619
81.83007
82.39786
82.96959
83.54528
84.12497
84.70868
85.29644
85.88829
86.48423
87.08431
87.68856
88.297
88.90966
89.52657
90.14776
90.77327
91.40311
92.03732
92.67593
93.31898
93.96648
94.61848
95.275
95.93608
96.60175
97.27203
97.94697
98.62658
99.31092
100.0
