energy_kev tbabs_nh0.101_model_model tbabs_nh0.101_model_y
0.10035 3.336809203e-27 3.336809203e-27
0.10105 1.050639271e-26 1.050639271e-26
0.10175 3.21585388e-26 3.21585388e-26
0.10245 9.577207306e-26 9.577207306e-26
0.10315 2.77745171e-25 2.77745171e-25
0.10385 7.827997568e-25 7.827997568e-25
0.1046 2.309129634e-24 2.309129634e-24
0.10535 6.656064883e-24 6.656064883e-24
0.10605 1.709302625e-23 1.709302625e-23
0.1068 4.581268082e-23 4.581268082e-23
0.10755 1.222280375e-22 1.222280375e-22
0.1083 3.177151678e-22 3.177151678e-22
0.10905 8.078118039e-22 8.078118039e-22
0.1098 2.004258512e-21 2.004258512e-21
0.11055 4.870604279e-21 4.870604279e-21
0.1113 1.156702781e-20 1.156702781e-20
0.1121 2.845981907e-20 2.845981907e-20
0.1129 6.842881682e-20 6.842881682e-20
0.11365 1.527234051e-19 1.527234051e-19
0.1144 3.34010346e-19 3.34010346e-19
0.1152 7.546232794e-19 7.546232794e-19
0.116 1.670555916e-18 1.670555916e-18
0.1168 3.626009237e-18 3.626009237e-18
0.11765 8.084888561e-18 8.084888561e-18
0.1185 1.767598176e-17 1.767598176e-17
0.1193 3.621057509e-17 3.621057509e-17
0.1201 7.29031541e-17 7.29031541e-17
0.12095 1.504546054e-16 1.504546054e-16
0.1218 3.051669438e-16 3.051669438e-16
0.12265 6.073877231e-16 6.073877231e-16
0.1235 1.189407014e-15 1.189407014e-15
0.12435 2.288194285e-15 2.288194285e-15
0.1252 4.333617423e-15 4.333617423e-15
0.12605 8.071789985e-15 8.071789985e-15
0.12695 1.535157772e-14 1.535157772e-14
0.12785 2.871731967e-14 2.871731967e-14
0.12875 5.286531074e-14 5.286531074e-14
0.12965 9.581934538e-14 9.581934538e-14
0.13055 1.710813375e-13 1.710813375e-13
0.13145 3.010387439e-13 3.010387439e-13
0.13235 5.222860594e-13 5.222860594e-13
0.13325 8.938185395e-13 8.938185395e-13
0.13415 1.509478392e-12 1.509478392e-12
0.1351 2.587197994e-12 2.587197994e-12
0.13605 4.376447684e-12 4.376447684e-12
0.13695 7.109847163e-12 7.109847163e-12
0.1379 1.171253356e-11 1.171253356e-11
0.1389 1.954721059e-11 1.954721059e-11
0.13985 3.141107181e-11 3.141107181e-11
0.1408 4.98501593e-11 4.98501593e-11
0.1418 8.008795072e-11 8.008795072e-11
0.1428 1.27092855e-10 1.27092855e-10
0.1438 1.992962205e-10 1.992962205e-10
0.1448 3.089334221e-10 3.089334221e-10
0.1458 4.73561716e-10 4.73561716e-10
0.1468 7.181022093e-10 7.181022093e-10
0.1478 1.0775566e-09 1.0775566e-09
0.1488 1.600585912e-09 1.600585912e-09
0.14985 2.398821064e-09 2.398821064e-09
0.1509 3.559328728e-09 3.559328728e-09
0.15195 5.225244514e-09 5.225244514e-09
0.153 7.599209009e-09 7.599209009e-09
0.15405 1.094173693e-08 1.094173693e-08
0.15515 1.587600166e-08 1.587600166e-08
0.1562 2.238060651e-08 2.238060651e-08
0.15725 3.126464121e-08 3.126464121e-08
0.15835 4.412395819e-08 4.412395819e-08
0.15945 6.171894869e-08 6.171894869e-08
0.16055 8.558722865e-08 8.558722865e-08
0.1617 1.193671973e-07 1.193671973e-07
0.16285 1.650766717e-07 1.650766717e-07
0.16395 2.232567461e-07 2.232567461e-07
0.1651 3.035885327e-07 3.035885327e-07
0.16625 4.096679968e-07 4.096679968e-07
0.1674 5.483493822e-07 5.483493822e-07
0.16855 7.287153807e-07 7.287153807e-07
0.1697 9.368260852e-07 9.368260852e-07
0.1709 1.210258861e-06 1.210258861e-06
0.1721 1.59219931e-06 1.59219931e-06
0.1733 2.079676045e-06 2.079676045e-06
0.1745 2.697574967e-06 2.697574967e-06
0.1757 3.475581668e-06 3.475581668e-06
0.1769 4.448877762e-06 4.448877762e-06
0.17815 5.714384518e-06 5.714384518e-06
0.1794 7.293336634e-06 7.293336634e-06
0.1806 9.161552107e-06 9.161552107e-06
0.18185 1.154632238e-05 1.154632238e-05
0.18315 1.459569582e-05 1.459569582e-05
0.1844 1.817874833e-05 1.817874833e-05
0.18565 2.250922283e-05 2.250922283e-05
0.18695 2.795177502e-05 2.795177502e-05
0.18825 3.45128479e-05 3.45128479e-05
0.18955 4.23794102e-05 4.23794102e-05
0.1909 5.215058382e-05 5.215058382e-05
0.19225 6.383134364e-05 6.383134364e-05
0.19355 7.71440866e-05 7.71440866e-05
0.1949 9.342691077e-05 9.342691077e-05
0.19625 0.0001125980088 0.0001125980088
0.1976 0.0001350174025 0.0001350174025
0.199 0.0001621970062 0.0001621970062
0.20035 0.0001926923023 0.0001926923023
0.2017 0.0002278729538 0.0002278729538
0.2031 0.0002699544213 0.0002699544213
0.20455 0.0003202146423 0.0003202146423
0.206 0.0003781407405 0.0003781407405
0.2074 0.0004420787471 0.0004420787471
0.20885 0.0005173420837 0.0005173420837
0.2103 0.0006029788769 0.0006029788769
0.21175 0.0007000390726 0.0007000390726
0.21325 0.0008136160619 0.0008136160619
0.2147 0.0009373335295 0.0009373335295
0.21615 0.001075776142 0.001075776142
0.21765 0.001236004006 0.001236004006
0.2192 0.001421103573 0.001421103573
0.22075 0.001627940228 0.001627940228
0.22225 0.001850145668 0.001850145668
0.2238 0.002104197753 0.002104197753
0.22535 0.002385204912 0.002385204912
0.2269 0.002694494793 0.002694494793
0.2285 0.00304578658 0.00304578658
0.2301 0.003431513054 0.003431513054
0.2317 0.003853749946 0.003853749946
0.2333 0.004314583317 0.004314583317
0.2349 0.004806010081 0.004806010081
0.2365 0.005337958804 0.005337958804
0.23815 0.005943476749 0.005943476749
0.2398 0.006599240627 0.006599240627
0.24145 0.007306373074 0.007306373074
0.24315 0.008091810358 0.008091810358
0.24485 0.008936960284 0.008936960284
0.24655 0.009844057572 0.009844057572
0.24825 0.01081526181 0.01081526181
0.24995 0.01178647978 0.01178647978
0.2517 0.01284803535 0.01284803535
0.25345 0.01405138024 0.01405138024
0.2552 0.01532954394 0.01532954394
0.257 0.01672568867 0.01672568867
0.2588 0.01820574413 0.01820574413
0.2606 0.01977138672 0.01977138672
0.2624 0.02142412724 0.02142412724
0.2642 0.02316531756 0.02316531756
0.266 0.02499615227 0.02499615227
0.26785 0.02697158152 0.02697158152
0.26975 0.02910179858 0.02910179858
0.2716 0.03127553565 0.03127553565
0.27345 0.0335456583 0.0335456583
0.27535 0.03598037117 0.03598037117
0.2773 0.03858552814 0.03858552814
0.27925 0.0413019832 0.0413019832
0.28115 0.04405373572 0.04405373572
0.2831 0.0469843262 0.0469843262
0.2851 0.05010353711 0.05010353711
0.28705 0.05325466077 0.05325466077
0.289 0.05650995675 0.05650995675
0.29105 0.05417793749 0.05417793749
0.2931 0.05208221989 0.05208221989
0.2951 0.05522342942 0.05522342942
0.29715 0.05854619588 0.05854619588
0.2992 0.06197528394 0.06197528394
0.30125 0.0655046938 0.0655046938
0.30335 0.06922600799 0.06922600799
0.30545 0.07305132806 0.07305132806
0.3076 0.07707201253 0.07707201253
0.30975 0.08119974693 0.08119974693
0.3119 0.08542677686 0.08542677686
0.31405 0.08975580859 0.08975580859
0.3162 0.09417865453 0.09417865453
0.3184 0.09880272511 0.09880272511
0.3206 0.1035217568 0.1035217568
0.32285 0.1084413704 0.1084413704
0.3251 0.1134137846 0.1134137846
0.32735 0.1184683138 0.1184683138
0.32965 0.1237683878 0.1237683878
0.33195 0.129153437 0.129153437
0.33425 0.1346194835 0.1346194835
0.33655 0.1401625248 0.1401625248
0.33885 0.1457785443 0.1457785443
0.3412 0.1515861627 0.1515861627
0.3436 0.1575889361 0.1575889361
0.346 0.1636578543 0.1636578543
0.3484 0.1697884307 0.1697884307
0.3508 0.1759762155 0.1759762155
0.3532 0.1819124799 0.1819124799
0.35565 0.1880084837 0.1880084837
0.35815 0.1945909595 0.1945909595
0.36065 0.2012169201 0.2012169201
0.36315 0.2078817831 0.2078817831
0.36565 0.2145810487 0.2145810487
0.3682 0.2214433516 0.2214433516
0.37075 0.2283360521 0.2283360521
0.3733 0.2352473887 0.2352473887
0.3759 0.2423146637 0.2423146637
0.3785 0.2493962976 0.2493962976
0.38115 0.2566226357 0.2566226357
0.3838 0.2638589095 0.2638589095
0.38645 0.2710934689 0.2710934689
0.38915 0.2784643625 0.2784643625
0.39185 0.2858291195 0.2858291195
0.39455 0.2931838456 0.2931838456
0.3973 0.3006587436 0.3006587436
0.40005 0.3081193282 0.3081193282
0.4028 0.315554614 0.315554614
0.4056 0.3150085536 0.3150085536
0.4084 0.3143755996 0.3143755996
0.41125 0.3218482431 0.3218482431
0.4141 0.3292959077 0.3292959077
0.41695 0.3367083913 0.3367083913
0.41985 0.3442171352 0.3442171352
0.4228 0.3518137349 0.3518137349
0.42575 0.3593707695 0.3593707695
0.4287 0.366878515 0.366878515
0.43165 0.3743412989 0.3743412989
0.43465 0.3818733531 0.3818733531
0.4377 0.3894799158 0.3894799158
0.4407 0.3969025779 0.3969025779
0.44375 0.4043160865 0.4043160865
0.44685 0.411787144 0.411787144
0.44995 0.4192625615 0.4192625615
0.45305 0.42666946 0.42666946
0.4562 0.4341224509 0.4341224509
0.4594 0.4416198357 0.4416198357
0.4626 0.4490397319 0.4490397319
0.4658 0.4563809149 0.4563809149
0.469 0.4636423309 0.4636423309
0.47225 0.4709331135 0.4709331135
0.47555 0.4782516367 0.4782516367
0.47885 0.4854827969 0.4854827969
0.48215 0.4926260049 0.4926260049
0.4855 0.499785573 0.499785573
0.4889 0.5067742911 0.5067742911
0.4923 0.5136680948 0.5136680948
0.4957 0.5206692374 0.5206692374
0.4991 0.5275982406 0.5275982406
0.50255 0.5345502461 0.5345502461
0.50605 0.5415186878 0.5415186878
0.50955 0.5483923232 0.5483923232
0.5131 0.5552432208 0.5552432208
0.5167 0.5619884121 0.5619884121
0.5203 0.568091506 0.568091506
0.5239 0.5646674766 0.5646674766
0.5275 0.5603484987 0.5603484987
0.53115 0.5752223294 0.5752223294
0.53485 0.5928533289 0.5928533289
0.53855 0.5982171772 0.5982171772
0.5423 0.5556504083 0.5556504083
0.54605 0.5111396507 0.5111396507
0.5498 0.4886680171 0.4886680171
0.55365 0.4808252878 0.4808252878
0.5575 0.4932242977 0.4932242977
0.56135 0.5016197316 0.5016197316
0.56525 0.512953681 0.512953681
0.5692 0.520881893 0.520881893
0.57315 0.5278170722 0.5278170722
0.5771 0.5366300845 0.5366300845
0.5811 0.5441717319 0.5441717319
0.58515 0.5509575694 0.5509575694
0.58925 0.557100131 0.557100131
0.59335 0.5631330203 0.5631330203
0.59745 0.5690827659 0.5690827659
0.60155 0.5749498582 0.5749498582
0.6057 0.5808040401 0.5808040401
0.6099 0.586644668 0.586644668
0.61415 0.5924676335 0.5924676335
0.61845 0.5982723411 0.5982723411
0.62275 0.6039897311 0.6039897311
0.62705 0.6096206152 0.6096206152
0.6314 0.6152290303 0.6152290303
0.6358 0.6208145428 0.6208145428
0.6402 0.6263123544 0.6263123544
0.64465 0.6317837056 0.6317837056
0.6491 0.6371689569 0.6371689569
0.6536 0.6425244758 0.6425244758
0.65815 0.6478529832 0.6478529832
0.6627 0.653091908 0.653091908
0.6673 0.6583008035 0.6583008035
0.67195 0.6634766537 0.6634766537
0.6766 0.6685657416 0.6685657416
0.6813 0.6736192412 0.6736192412
0.68605 0.678639773 0.678639773
0.6908 0.6835711101 0.6835711101
0.6956 0.6884672052 0.6884672052
0.7004 0.6931285728 0.6931285728
0.70525 0.6563404362 0.6563404362
0.71015 0.6461186667 0.6461186667
0.7151 0.68006805 0.68006805
0.72005 0.6770524963 0.6770524963
0.725 0.678764249 0.678764249
0.73005 0.6944116147 0.6944116147
0.73515 0.7006408771 0.7006408771
0.74025 0.7057858593 0.7057858593
0.7454 0.7107915081 0.7107915081
0.75055 0.7154640804 0.7154640804
0.75575 0.7200613545 0.7200613545
0.761 0.7246166369 0.7246166369
0.76625 0.7290841347 0.7290841347
0.7716 0.7335492919 0.7335492919
0.77695 0.7379289137 0.7379289137
0.7823 0.7422226089 0.7422226089
0.78775 0.7465110413 0.7465110413
0.79325 0.7507366522 0.7507366522
0.79875 0.7547577782 0.7547577782
0.8043 0.7586636181 0.7586636181
0.8099 0.7625621195 0.7625621195
0.8155 0.7663853966 0.7663853966
0.82115 0.7701677269 0.7701677269
0.82685 0.7739095484 0.7739095484
0.8326 0.7776096346 0.7776096346
0.83835 0.781237597 0.781237597
0.84415 0.7848236411 0.7848236411
0.85005 0.7883994102 0.7883994102
0.85595 0.7904069353 0.7904069353
0.86185 0.7923475303 0.7923475303
0.8678 0.7854980339 0.7854980339
0.87385 0.7783945726 0.7783945726
0.87995 0.7815122655 0.7815122655
0.88605 0.7849901001 0.7849901001
0.8922 0.7884283568 0.7884283568
0.8984 0.791827511 0.791827511
0.9046 0.7951604096 0.7951604096
0.91085 0.798454212 0.798454212
0.9172 0.8017346853 0.8017346853
0.9236 0.8049754235 0.8049754235
0.93 0.8081514572 0.8081514572
0.93645 0.8112879964 0.8112879964
0.94295 0.8143812366 0.8143812366
0.9495 0.8174349043 0.8174349043
0.9561 0.8204539594 0.8204539594
0.9627 0.8234115625 0.8234115625
0.96935 0.8263305728 0.8263305728
0.9761 0.8292325875 0.8292325875
0.9829 0.8320957562 0.8320957562
0.9897 0.8348995168 0.8348995168
0.99655 0.8376650023 0.8376650023
1.00345 0.8403928204 0.8403928204
1.0104 0.8430826056 0.8430826056
1.01745 0.8457534904 0.8457534904
1.0245 0.8483108357 0.8483108357
1.0316 0.850830341 0.850830341
1.0388 0.853388752 0.853388752
1.046 0.85589233 0.85589233
1.05325 0.8583590474 0.8583590474
1.06055 0.8607895569 0.8607895569
1.0679 0.8631836851 0.8631836851
1.0753 0.8654066829 0.8654066829
1.08275 0.8675946724 0.8675946724
1.0903 0.869899509 0.869899509
1.09785 0.8721542273 0.8721542273
1.10545 0.8743736359 0.8743736359
1.11315 0.8765730677 0.8765730677
1.12085 0.8787239006 0.8787239006
1.1286 0.8808407407 0.8808407407
1.13645 0.8829372948 0.8829372948
1.14435 0.885000256 0.885000256
1.1523 0.887029648 0.887029648
1.1603 0.889026152 0.889026152
1.16835 0.8909898146 0.8909898146
1.17645 0.8929213113 0.8929213113
1.1846 0.8948207173 0.8948207173
1.19285 0.8966998242 0.8966998242
1.20115 0.8985473781 0.8985473781
1.20945 0.9003528607 0.9003528607
1.2178 0.902127793 0.902127793
1.22625 0.9038829624 0.9038829624
1.2348 0.9056180441 0.9056180441
1.2434 0.9073230761 0.9073230761
1.252 0.9089887697 0.9089887697
1.26065 0.9106254413 0.9106254413
1.2694 0.9122427414 0.9122427414
1.2782 0.9138316301 0.9138316301
1.28705 0.915392293 0.915392293
1.296 0.9169337708 0.9169337708
1.305 0.9184476704 0.9184476704
1.31405 0.9176679742 0.9176679742
1.3232 0.9169063977 0.9169063977
1.3324 0.9184095551 0.9184095551
1.34165 0.9198856012 0.9198856012
1.35095 0.9213351616 0.9213351616
1.3603 0.9227584547 0.9227584547
1.36975 0.924163343 0.924163343
1.37925 0.9255426352 0.9255426352
1.3888 0.926896568 0.926896568
1.39845 0.9282324937 0.9282324937
1.40815 0.9295437409 0.9295437409
1.4179 0.9308305537 0.9308305537
1.42775 0.9320998048 0.9320998048
1.43765 0.9333453122 0.9333453122
1.44765 0.9345733259 0.9345733259
1.4577 0.9357782873 0.9357782873
1.4678 0.9369601546 0.9369601546
1.478 0.9381253531 0.9381253531
1.48825 0.9392681545 0.9392681545
1.4986 0.9403944193 0.9403944193
1.509 0.9414989777 0.9414989777
1.51945 0.9425821065 0.9425821065
1.53 0.9436492813 0.9436492813
1.5406 0.9446957111 0.9446957111
1.5513 0.9457263509 0.9457263509
1.5621 0.9465763167 0.9465763167
1.5729 0.9474038273 0.9474038273
1.5838 0.9483838894 0.9483838894
1.5948 0.9493490429 0.9493490429
1.60585 0.9502949521 0.9502949521
1.617 0.9512261824 0.9512261824
1.62825 0.9521428142 0.9521428142
1.63955 0.9530410499 0.9530410499
1.6509 0.9539211608 0.9539211608
1.66235 0.9547873092 0.9547873092
1.6739 0.9556395855 0.9556395855
1.6855 0.9564745752 0.9564745752
1.6972 0.9572959651 0.9572959651
1.709 0.958104039 0.958104039
1.72085 0.9588954738 0.9588954738
1.7328 0.9596738779 0.9596738779
1.7448 0.9604362663 0.9604362663
1.7569 0.9611859262 0.9611859262
1.7691 0.9619231252 0.9619231252
1.78135 0.9626449516 0.9626449516
1.7937 0.9633546198 0.9633546198
1.80615 0.9640522461 0.9640522461
1.8187 0.9647379507 0.9647379507
1.83135 0.965411857 0.965411857
1.84405 0.9648661334 0.9648661334
1.8568 0.9643254715 0.9643254715
1.8697 0.964996464 0.964996464
1.8827 0.965656074 0.965656074
1.89575 0.9663018838 0.9663018838
1.9089 0.9669366162 0.9669366162
1.92215 0.967560395 0.967560395
1.9355 0.9681733452 0.9681733452
1.94895 0.9687755962 0.9687755962
1.96245 0.9693651519 0.9693651519
1.97605 0.9699443225 0.9699443225
1.98975 0.9705133438 0.9705133438
2.00355 0.9710722367 0.9710722367
2.01745 0.9716212387 0.9716212387
2.03145 0.9721603765 0.9721603765
2.04555 0.9726898823 0.9726898823
2.05975 0.9732097873 0.9732097873
2.07405 0.9737203208 0.9737203208
2.08845 0.9742215259 0.9742215259
2.10295 0.9747136197 0.9747136197
2.1175 0.9751950373 0.9751950373
2.1322 0.9756692204 0.9756692204
2.147 0.9761346822 0.9761346822
2.1619 0.9765914765 0.9765914765
2.1769 0.9770398173 0.9770398173
2.192 0.9774797579 0.9774797579
2.20725 0.9779128826 0.9779128826
2.22255 0.9783364805 0.9783364805
2.23795 0.9787520707 0.9787520707
2.2535 0.9791611307 0.9791611307
2.26915 0.9795624036 0.9795624036
2.2849 0.9799560186 0.9799560186
2.30075 0.9803421043 0.9803421043
2.3167 0.9807207864 0.9807207864
2.33275 0.9810921934 0.9810921934
2.34895 0.9814575477 0.9814575477
2.36525 0.9818158417 0.9818158417
2.38165 0.9821671442 0.9821671442
2.3982 0.9825126542 0.9825126542
2.41485 0.9828513929 0.9828513929
2.4316 0.9831834826 0.9831834826
2.44845 0.9835090431 0.9835090431
2.46545 0.9838291105 0.9838291105
2.48255 0.9835674835 0.9835674835
2.49975 0.9833079523 0.9833079523
2.5171 0.9836264514 0.9836264514
2.53455 0.9839387502 0.9839387502
2.55215 0.984245809 0.984245809
2.5699 0.9845476987 0.9845476987
2.58775 0.9848436369 0.9848436369
2.6057 0.9851337353 0.9851337353
2.62375 0.9854181067 0.9854181067
2.64195 0.9856976065 0.9856976065
2.6603 0.9859723019 0.9859723019
2.67875 0.9862415149 0.9862415149
2.69735 0.9865060451 0.9865060451
2.71605 0.9867652869 0.9867652869
2.73485 0.98701931 0.98701931
2.75385 0.9872695326 0.9872695326
2.773 0.9875153328 0.9875153328
2.79225 0.9877561378 0.9877561378
2.8116 0.9879920483 0.9879920483
2.8311 0.9882184303 0.9882184303
2.85075 0.9884407376 0.9884407376
2.8705 0.9886637726 0.9886637726
2.8904 0.9888827778 0.9888827778
2.9105 0.9890983459 0.9890983459
2.9307 0.9893094693 0.9893094693
2.951 0.9895162139 0.9895162139
2.9715 0.9897196671 0.9897196671
2.99215 0.989919372 0.989919372
3.0129 0.9901149103 0.9901149103
3.0338 0.9903068197 0.9903068197
3.05485 0.9904951647 0.9904951647
3.07605 0.9906799868 0.9906799868
3.0974 0.9908613507 0.9908613507
3.11885 0.9910388942 0.9910388942
3.1405 0.9912134856 0.9912134856
3.1623 0.9913847857 0.9913847857
3.1842 0.9915524436 0.9915524436
3.2063 0.9916277635 0.9916277635
3.22855 0.9917011638 0.9917011638
3.25095 0.9918622156 0.9918622156
3.27355 0.9920205433 0.9920205433
3.29625 0.9921755057 0.9921755057
3.3191 0.9923274853 0.9923274853
3.34215 0.9924768714 0.9924768714
3.36535 0.9926233657 0.9926233657
3.3887 0.9927670258 0.9927670258
3.4122 0.9929078921 0.9929078921
3.4359 0.9930463053 0.9930463053
3.45975 0.9931820129 0.9931820129
3.48375 0.9933150564 0.9933150564
3.5079 0.9934454903 0.9934454903
3.53225 0.9935736099 0.9935736099
3.55675 0.9936992062 0.9936992062
3.5814 0.9938223051 0.9938223051
3.60625 0.9939432083 0.9939432083
3.6313 0.9940619297 0.9940619297
3.6565 0.9941782848 0.9941782848
3.68185 0.9942922987 0.9942922987
3.7074 0.9944042464 0.9944042464
3.73315 0.9945141443 0.9945141443
3.75905 0.9946218276 0.9946218276
3.7851 0.9947273225 0.9947273225
3.8114 0.9948310726 0.9948310726
3.83785 0.9949327096 0.9949327096
3.86445 0.9950322697 0.9950322697
3.89125 0.9951299766 0.9951299766
3.91825 0.9952258571 0.9952258571
3.94545 0.9953199379 0.9953199379
3.97285 0.9954122451 0.9954122451
4.0004 0.9955026455 0.9955026455
4.02815 0.9955913298 0.9955913298
4.0561 0.9956315038 0.9956315038
4.08425 0.9956707865 0.9956707865
4.1126 0.9957560293 0.9957560293
4.14115 0.9958396384 0.9958396384
4.1699 0.9959216467 0.9959216467
4.1988 0.996001937 0.996001937
4.22795 0.9960808138 0.9960808138
4.2573 0.9961581663 0.9961581663
4.2868 0.9962338877 0.9962338877
4.31655 0.9963082606 0.9963082606
4.3465 0.9963811843 0.9963811843
4.37665 0.996452677 0.996452677
4.40705 0.9965228823 0.9965228823
4.43765 0.9965917035 0.9965917035
4.46845 0.9966591643 0.9966591643
4.49945 0.9967252886 0.9967252886
4.53065 0.9967901005 0.9967901005
4.56205 0.9968536234 0.9968536234
4.5937 0.9969159772 0.9969159772
4.6256 0.996977179 0.996977179
4.6577 0.9970371506 0.9970371506
4.69 0.9970959159 0.9970959159
4.72255 0.997153583 0.997153583
4.75535 0.9972101694 0.9972101694
4.78835 0.9972656071 0.9972656071
4.82155 0.9973199179 0.9973199179
4.855 0.9973732007 0.9973732007
4.8887 0.9974254728 0.9974254728
4.9226 0.9974766743 0.9974766743
4.95675 0.9975268971 0.9975268971
4.99115 0.9975761584 0.9975761584
5.0258 0.9976244715 0.9976244715
5.0607 0.997671853 0.997671853
5.0958 0.9977182511 0.9977182511
5.13115 0.9977637488 0.9977637488
5.16675 0.9978083628 0.9978083628
5.2026 0.9978521053 0.9978521053
5.2387 0.9978949924 0.9978949924
5.27505 0.997937037 0.997937037
5.31165 0.997978255 0.997978255
5.3485 0.9980186589 0.9980186589
5.3856 0.9980582639 0.9980582639
5.42295 0.9980970826 0.9980970826
5.4606 0.9981351792 0.9981351792
5.4985 0.9981725156 0.9981725156
5.53665 0.9982091041 0.9982091041
5.57505 0.9982449594 0.9982449594
5.6137 0.9982800936 0.9982800936
5.65265 0.998314564 0.998314564
5.6919 0.9983483799 0.9983483799
5.7314 0.9983815104 0.9983815104
5.77115 0.998413967 0.998413967
5.8112 0.9984458021 0.9984458021
5.85155 0.9984770252 0.9984770252
5.89215 0.9985076092 0.9985076092
5.933 0.9985375651 0.9985375651
5.97415 0.9985669409 0.9985669409
6.0156 0.9985894174 0.9985894174
6.05735 0.9986114378 0.9986114378
6.0994 0.9986393384 0.9986393384
6.14175 0.9986666921 0.9986666921
6.18435 0.9986934774 0.9986934774
6.22725 0.9987197346 0.9987197346
6.27045 0.9987454743 0.9987454743
6.31395 0.9987707038 0.9987707038
6.3578 0.9987954606 0.9987954606
6.4019 0.9988196972 0.9988196972
6.4463 0.9988434494 0.9988434494
6.49105 0.9988667525 0.9988667525
6.5361 0.9988895875 0.9988895875
6.58145 0.998911963 0.998911963
6.6271 0.998933887 0.998933887
6.6731 0.9989553907 0.9989553907
6.7194 0.9989764586 0.9989764586
6.766 0.9989970977 0.9989970977
6.81295 0.9990173382 0.9990173382
6.86025 0.9990371856 0.9990371856
6.90785 0.9990566269 0.9990566269
6.95575 0.9990756684 0.9990756684
7.004 0.9990943379 0.9990943379
7.0526 0.9991126408 0.9991126408
7.10155 0.9986741222 0.9986741222
7.15085 0.9982435129 0.9982435129
7.20045 0.9982764436 0.9982764436
7.2504 0.9983087778 0.9983087778
7.30075 0.9983405576 0.9983405576
7.3514 0.9983717276 0.9983717276
7.4024 0.998402328 0.998402328
7.45375 0.9984323681 0.9984323681
7.50545 0.9984618559 0.9984618559
7.55755 0.9984908278 0.9984908278
7.61 0.9985192636 0.9985192636
7.6628 0.998547171 0.998547171
7.71595 0.9985732664 0.9985732664
7.7695 0.9985988976 0.9985988976
7.82345 0.998625365 0.998625365
7.8777 0.9986513111 0.9986513111
7.93235 0.9986767913 0.9986767913
7.9874 0.9987018134 0.9987018134
8.0428 0.9987263611 0.9987263611
8.0986 0.9987504639 0.9987504639
8.1548 0.9987741282 0.9987741282
8.2114 0.9987973605 0.9987973605
8.2684 0.9988201671 0.9988201671
8.32575 0.998826427 0.998826427
8.3835 0.9988325571 0.9988325571
8.4417 0.9988546868 0.9988546868
8.50025 0.9988763884 0.9988763884
8.5592 0.9988976872 0.9988976872
8.6186 0.9989186077 0.9989186077
8.6784 0.9989391375 0.9989391375
8.73865 0.998959299 0.998959299
8.7993 0.9989790819 0.9989790819
8.86035 0.9989984914 0.9989984914
8.92185 0.9990175498 0.9990175498
8.98375 0.9990362468 0.9990362468
9.04605 0.9990545885 0.9990545885
9.1088 0.9990725951 0.9990725951
9.172 0.9990902716 0.9990902716
9.23565 0.9991076225 0.9991076225
9.29975 0.9991246533 0.9991246533
9.36425 0.9991413556 0.9991413556
9.4292 0.9991577476 0.9991577476
9.49465 0.9991738465 0.9991738465
9.56055 0.9991896444 0.9991896444
9.6269 0.9992051458 0.9992051458
9.6937 0.9992203556 0.9992203556
9.76095 0.9992352784 0.9992352784
9.8287 0.9992499295 0.9992499295
9.8969 0.9992643026 0.9992643026
9.96555 0.999278402 0.999278402
10.0347 0.9992922425 0.9992922425
10.10435 0.9993058276 0.9993058276
10.17445 0.9993191518 0.9993191518
10.245 0.9993322196 0.9993322196
10.3161 0.9993450532 0.9993450532
10.3877 0.9993576472 0.9993576472
10.45975 0.9993699967 0.9993699967
10.53235 0.9993821224 0.9993821224
10.60545 0.9993940196 0.9993940196
10.679 0.9994056839 0.9994056839
10.7531 0.9994171348 0.9994171348
10.82775 0.9994283755 0.9994283755
10.90285 0.9994393945 0.9994393945
10.9785 0.9994502097 0.9994502097
11.0547 0.9994608246 0.9994608246
11.1314 0.999471235 0.999471235
11.20865 0.9994814514 0.9994814514
11.2864 0.9994914701 0.9994914701
11.3647 0.9995013007 0.9995013007
11.44355 0.9995109463 0.9995109463
11.52295 0.9995204098 0.9995204098
11.6029 0.999529694 0.999529694
11.6834 0.9995388018 0.9995388018
11.7645 0.9995477415 0.9995477415
11.84615 0.9995565103 0.9995565103
11.92835 0.9995651109 0.9995651109
12.0111 0.9995735463 0.9995735463
12.0944 0.9995818191 0.9995818191
12.1783 0.999589937 0.999589937
12.2628 0.9995979022 0.9995979022
12.3479 0.9996057171 0.9996057171
12.4336 0.9996133842 0.9996133842
12.5199 0.9996209057 0.9996209057
12.60675 0.9996282798 0.9996282798
12.6942 0.9996355131 0.9996355131
12.7823 0.9996426121 0.9996426121
12.871 0.9996495747 0.9996495747
12.9603 0.9996564032 0.9996564032
13.05025 0.9996631035 0.9996631035
13.1408 0.9996696742 0.9996696742
13.23195 0.9996761172 0.9996761172
13.32375 0.9996824382 0.9996824382
13.4162 0.9996886392 0.9996886392
13.5093 0.9996947221 0.9996947221
13.60305 0.9997006887 0.9997006887
13.69745 0.999706541 0.999706541
13.7925 0.9997122807 0.9997122807
13.8882 0.9997179098 0.9997179098
13.98455 0.9997234301 0.9997234301
14.0816 0.9997288462 0.9997288462
14.1793 0.999734157 0.999734157
14.27765 0.9997393643 0.9997393643
14.3767 0.9997444724 0.9997444724
14.47645 0.999749483 0.999749483
14.5769 0.9997543975 0.9997543975
14.67805 0.9997592176 0.9997592176
14.7799 0.9997639448 0.9997639448
14.88245 0.9997685806 0.9997685806
14.98575 0.9997731287 0.9997731287
15.08975 0.9997775884 0.9997775884
15.19445 0.9997819611 0.9997819611
15.2999 0.9997862504 0.9997862504
15.40605 0.9997904555 0.9997904555
15.5129 0.9997945781 0.9997945781
15.62055 0.9997986232 0.9997986232
15.72895 0.9998025902 0.9998025902
15.83805 0.9998064786 0.9998064786
15.94795 0.9998102933 0.9998102933
16.0586 0.9998140337 0.9998140337
16.17005 0.9998177027 0.9998177027
16.28225 0.9998212999 0.9998212999
16.3952 0.9998248264 0.9998248264
16.509 0.9998282866 0.9998282866
16.62355 0.9998316785 0.9998316785
16.73885 0.9998350032 0.9998350032
16.855 0.9998382648 0.9998382648
16.972 0.9998414642 0.9998414642
17.08975 0.9998445998 0.9998445998
17.2083 0.999847674 0.999847674
17.3277 0.9998506891 0.9998506891
17.44795 0.999853646 0.999853646
17.56905 0.9998565458 0.9998565458
17.69095 0.9998593881 0.9998593881
17.8137 0.9998621752 0.9998621752
17.9373 0.9998649079 0.9998649079
18.06175 0.9998675871 0.9998675871
18.18705 0.9998702139 0.9998702139
18.31325 0.9998727899 0.9998727899
18.44035 0.9998753162 0.9998753162
18.5683 0.9998777925 0.9998777925
18.6971 0.9998802198 0.9998802198
18.8268 0.9998825997 0.9998825997
18.95745 0.999884934 0.999884934
19.089 0.9998872225 0.9998872225
19.22145 0.999889466 0.999889466
19.3548 0.9998916652 0.9998916652
19.4891 0.9998938218 0.9998938218
19.62435 0.9998959365 0.9998959365
19.7605 0.9998980091 0.9998980091
19.8976 0.9999000411 0.9999000411
20.0357 0.999902034 0.999902034
20.17475 0.9999039876 0.9999039876
20.3147 0.999905902 0.999905902
20.45565 0.9999077793 0.9999077793
20.5976 0.9999096199 0.9999096199
20.7405 0.9999114239 0.9999114239
20.8844 0.9999131925 0.9999131925
21.0293 0.9999149264 0.9999149264
21.17525 0.9999166267 0.9999166267
21.3222 0.9999182934 0.9999182934
21.4701 0.9999199265 0.9999199265
21.61905 0.9999215277 0.9999215277
21.7691 0.999923098 0.999923098
21.92015 0.999924637 0.999924637
22.07225 0.9999261456 0.9999261456
22.2254 0.9999276245 0.9999276245
22.3796 0.999929074 0.999929074
22.5349 0.9999304952 0.9999304952
22.69125 0.9999318881 0.9999318881
22.8487 0.9999332535 0.9999332535
23.00725 0.9999345921 0.9999345921
23.1669 0.9999359042 0.9999359042
23.32765 0.9999371903 0.9999371903
23.4895 0.9999384509 0.9999384509
23.65245 0.9999396863 0.9999396863
23.81655 0.9999408974 0.9999408974
23.98185 0.999942085 0.999942085
24.14825 0.9999432487 0.9999432487
24.3158 0.9999443893 0.9999443893
24.48455 0.9999455076 0.9999455076
24.6544 0.9999466032 0.9999466032
24.82545 0.9999476772 0.9999476772
24.99775 0.9999487303 0.9999487303
25.1712 0.9999497622 0.9999497622
25.34585 0.9999507736 0.9999507736
25.5217 0.9999517649 0.9999517649
25.69875 0.9999527363 0.9999527363
25.8771 0.9999536888 0.9999536888
26.05665 0.9999546222 0.9999546222
26.23745 0.9999555371 0.9999555371
26.4195 0.9999564337 0.9999564337
26.6028 0.9999573124 0.9999573124
26.7874 0.9999581737 0.9999581737
26.97325 0.9999590177 0.9999590177
27.1604 0.999959845 0.999959845
27.34885 0.9999606558 0.9999606558
27.53865 0.9999614506 0.9999614506
27.72975 0.9999622294 0.9999622294
27.92215 0.9999629927 0.9999629927
28.1159 0.9999637407 0.9999637407
28.31095 0.9999644737 0.9999644737
28.5074 0.9999651921 0.9999651921
28.7052 0.9999658962 0.9999658962
28.90435 0.9999665862 0.9999665862
29.10495 0.9999672625 0.9999672625
29.3069 0.9999679253 0.9999679253
29.51025 0.9999685747 0.9999685747
29.715 0.9999692111 0.9999692111
29.92115 0.9999698348 0.9999698348
30.12875 0.999970446 0.999970446
30.3378 0.9999710449 0.9999710449
30.54835 0.9999716321 0.9999716321
30.7603 0.9999722073 0.9999722073
30.9737 0.9999727709 0.9999727709
31.18865 0.9999733233 0.9999733233
31.40505 0.9999738646 0.9999738646
31.62295 0.9999743951 0.9999743951
31.8424 0.9999749149 0.9999749149
32.06335 0.9999754243 0.9999754243
32.2858 0.9999759234 0.9999759234
32.5098 0.9999764125 0.9999764125
32.7354 0.9999768918 0.9999768918
32.96255 0.9999773615 0.9999773615
33.19125 0.9999778217 0.9999778217
33.42155 0.9999782726 0.9999782726
33.65345 0.9999787145 0.9999787145
33.88695 0.9999791474 0.9999791474
34.1221 0.9999795717 0.9999795717
34.35885 0.9999799875 0.9999799875
34.59725 0.9999803948 0.9999803948
34.83735 0.999980794 0.999980794
35.07905 0.9999811851 0.9999811851
35.32245 0.9999815683 0.9999815683
35.56755 0.9999819438 0.9999819438
35.8143 0.9999823116 0.9999823116
36.0628 0.9999826721 0.9999826721
36.31305 0.9999830254 0.9999830254
36.565 0.9999833714 0.9999833714
36.8187 0.9999837105 0.9999837105
37.0742 0.9999840428 0.9999840428
37.33145 0.9999843683 0.9999843683
37.59045 0.9999846873 0.9999846873
37.8513 0.9999849998 0.9999849998
38.11395 0.999985306 0.999985306
38.3784 0.999985606 0.999985606
38.6447 0.9999858999 0.9999858999
38.91285 0.9999861879 0.9999861879
39.18285 0.99998647 0.99998647
39.4547 0.9999867464 0.9999867464
39.72845 0.9999870173 0.9999870173
40.0041 0.9999872826 0.9999872826
40.2817 0.9999875426 0.9999875426
40.5612 0.9999877973 0.9999877973
40.8426 0.9999880468 0.9999880468
41.126 0.9999882913 0.9999882913
41.4114 0.9999885308 0.9999885308
41.69875 0.9999887655 0.9999887655
41.98805 0.9999889953 0.9999889953
42.2794 0.9999892206 0.9999892206
42.57275 0.9999894412 0.9999894412
42.86815 0.9999896574 0.9999896574
43.1656 0.9999898692 0.9999898692
43.4651 0.9999900766 0.9999900766
43.7667 0.9999902799 0.9999902799
44.07035 0.999990479 0.999990479
44.37615 0.9999906741 0.9999906741
44.6841 0.9999908652 0.9999908652
44.99415 0.9999910524 0.9999910524
45.30635 0.9999912359 0.9999912359
45.6207 0.9999914155 0.9999914155
45.9372 0.9999915915 0.9999915915
46.25595 0.999991764 0.999991764
46.57695 0.9999919329 0.9999919329
46.9001 0.9999920984 0.9999920984
47.2255 0.9999922605 0.9999922605
47.5532 0.9999924193 0.9999924193
47.88315 0.9999925748 0.9999925748
48.2154 0.9999927272 0.9999927272
48.54995 0.9999928765 0.9999928765
48.8868 0.9999930227 0.9999930227
49.226 0.999993166 0.999993166
49.5676 0.9999933063 0.9999933063
49.91155 0.9999934438 0.9999934438
50.25785 0.9999935784 0.9999935784
50.60655 0.9999937103 0.9999937103
50.9577 0.9999938396 0.9999938396
51.3113 0.9999939661 0.9999939661
51.6673 0.9999940901 0.9999940901
52.0258 0.9999942115 0.9999942115
52.3868 0.9999943305 0.9999943305
52.7503 0.9999944471 0.9999944471
53.1163 0.9999945612 0.9999945612
53.48485 0.999994673 0.999994673
53.856 0.9999947825 0.9999947825
54.22965 0.9999948898 0.9999948898
54.6059 0.9999949949 0.9999949949
54.9848 0.9999950978 0.9999950978
55.36635 0.9999951987 0.9999951987
55.75055 0.9999952974 0.9999952974
56.13735 0.9999953942 0.9999953942
56.52685 0.9999954889 0.9999954889
56.9191 0.9999955817 0.9999955817
57.31405 0.9999956726 0.9999956726
57.7117 0.9999957617 0.9999957617
58.11215 0.9999958489 0.9999958489
58.5154 0.9999959343 0.9999959343
58.9214 0.999996018 0.999996018
59.3302 0.9999961 0.9999961
59.74185 0.9999961802 0.9999961802
60.1564 0.9999962589 0.9999962589
60.5738 0.9999963359 0.9999963359
60.9941 0.9999964113 0.9999964113
61.41735 0.9999964852 0.9999964852
61.8435 0.9999965576 0.9999965576
62.2726 0.9999966285 0.9999966285
62.7047 0.9999966979 0.9999966979
63.13975 0.9999967659 0.9999967659
63.57785 0.9999968325 0.9999968325
64.019 0.9999968977 0.9999968977
64.4632 0.9999969616 0.9999969616
64.9105 0.9999970242 0.9999970242
65.3609 0.9999970855 0.9999970855
65.8144 0.9999971455 0.9999971455
66.27105 0.9999972043 0.9999972043
66.7309 0.9999972619 0.9999972619
67.1939 0.9999973183 0.9999973183
67.66015 0.9999973735 0.9999973735
68.12965 0.9999974276 0.9999974276
68.60235 0.9999974806 0.9999974806
69.07835 0.9999975325 0.9999975325
69.55765 0.9999975833 0.9999975833
70.04025 0.9999976331 0.9999976331
70.52625 0.9999976819 0.9999976819
71.01565 0.9999977296 0.9999977296
71.5084 0.9999977764 0.9999977764
72.00455 0.9999978222 0.9999978222
72.50415 0.999997867 0.999997867
73.00725 0.999997911 0.999997911
73.51385 0.999997954 0.999997954
74.0239 0.9999979961 0.9999979961
74.5375 0.9999980374 0.9999980374
75.0547 0.9999980778 0.9999980778
75.5755 0.9999981174 0.9999981174
76.0999 0.9999981562 0.9999981562
76.6279 0.9999981942 0.9999981942
77.1596 0.9999982313 0.9999982313
77.695 0.9999982678 0.9999982678
78.2341 0.9999983034 0.9999983034
78.77695 0.9999983384 0.9999983384
79.32355 0.9999983726 0.9999983726
79.87395 0.9999984061 0.9999984061
80.42815 0.9999984389 0.9999984389
80.9862 0.999998471 0.999998471
81.54815 0.9999985025 0.9999985025
82.114 0.9999985333 0.9999985333
82.68375 0.9999985635 0.9999985635
83.25745 0.9999985931 0.9999985931
83.83515 0.999998622 0.999998622
84.41685 0.9999986504 0.9999986504
85.00255 0.9999986781 0.9999986781
85.59235 0.9999987053 0.9999987053
86.18625 0.999998732 0.999998732
86.78425 0.999998758 0.999998758
87.38645 0.9999987836 0.9999987836
87.9928 0.9999988086 0.9999988086
88.60335 0.9999988331 0.9999988331
89.21815 0.9999988571 0.9999988571
89.8372 0.9999988806 0.9999988806
90.46055 0.9999989036 0.9999989036
91.0882 0.9999989261 0.9999989261
91.7202 0.9999989482 0.9999989482
92.3566 0.9999989698 0.9999989698
92.99745 0.999998991 0.999998991
93.64275 0.9999990117 0.9999990117
94.2925 0.999999032 0.999999032
94.94675 0.9999990519 0.9999990519
95.60555 0.9999990713 0.9999990713
96.2689 0.9999990904 0.9999990904
96.93685 0.9999991091 0.9999991091
97.6095 0.9999991273 0.9999991273
98.2868 0.9999991452 0.9999991452
98.96875 0.9999991628 0.9999991628
99.65545 0.9999995857 0.9999995857
